102.9248,24.9412,-229.5124,2023.3542
102.9245,24.9412,-229.6252,2020.3894
102.8753,24.9686,-228.219,1966.7213
102.8615,24.9523,-228.3588,1952.5157
102.8488,24.9433,-228.4487,1929.2112
102.8363,24.924,-229.3126,1900.4676
102.8332,24.9079,-228.2603,1881.8022
102.8215,24.8984,-227.5255,1870.3614
102.8014,24.8978,-227.1709,1896.0443
102.8026,24.8789,-226.9481,1863.3989
102.8098,24.8618,-228.0598,1876.8958
102.8131,24.8365,-227.8941,1877.1034
102.8045,24.8244,-226.3449,1879.6783
102.7957,24.8074,-224.7885,1900.1741
102.7902,24.7936,-225.5048,1880.3466
102.7838,24.7717,-223.7054,1877.0715
102.7751,24.7556,-225.6545,1870.259
102.7606,24.7406,-227.7487,1859.1652
102.755,24.7249,-227.2348,1863.329
102.7358,24.7101,-226.1301,1862.3905
102.7187,24.7002,-222.5612,1868.0396
102.7101,24.6859,-220.5373,1894.8297
102.6831,24.6822,-221.2084,1895.2186
102.6719,24.6675,-221.7181,1891.5394
102.6487,24.6611,-225.4801,1926.6895
102.6134,24.6532,-228.1611,1858.9715
102.5903,24.6728,-230.4818,1872.2648
102.5875,24.6361,-226.6475,1866.5362
102.578,24.6195,-226.2226,1877.0959
102.5655,24.603,-224.8174,1883.2445
102.5679,24.5863,-224.6029,1893.9252
102.5686,24.5735,-224.1562,1909.0633
102.575,24.5534,-223.6425,1980.8568
102.5678,24.5389,-226.1076,1900.6084
102.5591,24.5246,-225.0299,1806.0586
102.5594,24.5077,-223.4051,1796.6988
102.5637,24.4859,-223.7388,1710.203
102.5555,24.4723,-224.2292,1684.5392
102.5541,24.4533,-228.7291,1675.7407
102.5464,24.4385,-235.4643,1630.2849
102.5459,24.419,-237.2378,1614.8933
102.5471,24.402,-234.8057,1608.402
102.5433,24.3859,-232.7815,1598.8084
102.5402,24.3714,-229.9416,1594.4445
102.5346,24.3504,-223.0998,1596.9176
102.5272,24.3403,-221.8016,1593.3769
102.523,24.3303,-223.9655,1593.9249
102.5164,24.3119,-219.0849,1612.6985
102.5132,24.2953,-216.8378,1645.2345
102.5149,24.2799,-214.7779,1629.1722
102.5082,24.2544,-215.6124,1607.8286
102.4979,24.2432,-215.3386,1601.4264
102.492,24.2296,-214.562,1603.583
102.4807,24.2103,-214.0308,1655.1358
102.4616,24.1941,-213.0968,1576.7305
102.4121,24.1716,-210.0889,1506.1248
102.4198,24.1825,-210.2517,1524.6582
102.3969,24.1779,-211.7188,1509.706
102.3832,24.1742,-209.738,1529.4005
102.3699,24.1585,-210.3586,1553.1297
102.3574,24.1494,-210.5378,1564.7081
102.3285,24.1251,-211.4938,1596.1144
102.2792,24.1224,-205.8591,1764.1063
102.2493,24.1155,-205.3668,1756.7471
102.2204,24.1061,-203.3271,1557.2
102.2121,24.0875,-205.0167,1235.5705
102.2116,24.0835,-205.4194,1160.0515
102.2061,24.076,-205.9068,1098.4447
102.2059,24.0613,-204.5424,1071.0689
102.1984,24.0513,-200.6351,1119.2854
102.1882,24.0432,-199.051,1101.293
102.187,24.031,-199.0282,1051.9265
102.185,24.0089,-197.9965,1051.5187
102.1765,23.9945,-196.2037,1067.9981
102.1759,23.9752,-196.4266,1131.3331
102.1706,23.9632,-195.0448,1154.1488
102.1489,23.926,-186.2216,1352.7814
102.1423,23.9115,-185.4788,1344.2621
102.1437,23.8939,-185.7993,1266.2359
102.1503,23.8738,-186.623,1113.5336
102.1395,23.856,-188.6322,979.7236
102.1357,23.8383,-191.2058,855.8139
102.1106,23.8301,-193.0407,870.1065
102.093,23.82,-192.4781,933.6921
102.0817,23.8104,-190.7328,999.7657
102.0655,23.7906,-186.0276,1142.5068
102.053,23.7792,-183.4121,1214.2124
102.0426,23.7659,-180.9204,1295.8546
102.0343,23.7504,-179.487,1184.6956
102.0226,23.7378,-178.7663,1135.1714
102.0228,23.7254,-179.1682,1117.9819
101.999,23.7125,-177.3229,889.9389
101.9962,23.6929,-179.1229,745.8661
101.9731,23.6853,-176.2589,711.3052
101.9796,23.6632,-176.3154,752.3938
101.9799,23.645,-179.4457,461.1198
101.9827,23.6203,-181.2669,374.4971
101.9939,23.5968,-185.4912,365.8562
101.9824,23.5983,-187.1338,371.9156
101.9665,23.5902,-187.1424,384.0961
101.9461,23.5778,-190.3097,453.1051
101.9236,23.567,-196.3426,551.0517
101.9189,23.5626,-198.1006,608.6955
101.914,23.5409,-199.8133,794.7494
101.9033,23.5254,-200.9858,871.4052
101.9024,23.4882,-193.2317,1030.9236
101.8913,23.4742,-190.3772,1146.4949
101.8774,23.4631,-189.885,1243.2567
101.8666,23.4437,-187.1849,1374.6032
101.8533,23.4227,-184.9417,1576.4252
101.8354,23.4192,-185.8439,1544.7752
101.8071,23.4302,-188.2188,1459.1305
101.7848,23.4335,-181.8725,1531.4479
101.7783,23.4132,-184.5571,1546.461
101.7451,23.4449,-182.9349,1324.1264
101.7642,23.4253,-183.3629,1593.9989
101.7324,23.4483,-181.2552,1396.1242
101.7223,23.4594,-179.8628,1521.5565
101.7166,23.4385,-179.1551,1422.9082
101.6952,23.4377,-178.9586,1290.276
101.6847,23.434,-179.9115,1338.836
101.671,23.413,-178.7066,1262.3056
101.6471,23.4187,-178.7149,1258.9725
101.6267,23.4174,-176.4575,1390.2552
101.6157,23.3997,-177.4306,1503.7649
101.5998,23.3831,-176.9282,1674.4917
101.5874,23.375,-175.3219,1485.3266
101.5691,23.3704,-175.0937,1391.6735
101.5477,23.3734,-180.083,1017.3045
101.5323,23.3595,-179.6513,891.8005
101.52,23.3479,-179.2987,765.4888
101.4974,23.3449,-178.9271,781.7796
101.4832,23.3375,-177.8043,937.0164
101.468,23.3198,-175.4833,1161.1001
101.4529,23.3153,-170.0308,1350.9746
101.438,23.3042,-176.7532,1365.6083
101.4144,23.3078,-181.2114,1418.4476
101.3997,23.2977,-180.6171,1512.4685
101.3943,23.2934,-179.8703,1491.805
101.3679,23.2914,-185.9672,1553.6185
101.364,23.2695,-178.8121,1263.6021
101.3486,23.2583,-177.8498,1182.1232
101.3324,23.2422,-180.3621,811.6397
101.3034,23.2478,-182.7979,837.2459
101.2847,23.2595,-182.9074,832.9876
101.2562,23.259,-181.8926,823.5279
101.2414,23.2535,-181.3576,832.2901
101.2186,23.2526,-178.3229,863.6446
101.1991,23.2527,-178.0973,902.4339
101.1784,23.2505,-177.8467,949.4386
101.154,23.2522,-180.0917,1006.1583
101.1428,23.2351,-180.01,1033.6555
101.1374,23.2115,-179.1826,1093.557
101.1415,23.1697,-179.2437,1215.6591
101.1388,23.1465,-177.4261,1470.2627
101.1222,23.1391,-177.4828,1564.0739
101.1175,23.1159,-177.258,1453.8943
101.1009,23.1063,-176.5327,1375.5755
101.0853,23.1018,-176.4004,1331.3506
101.0662,23.0937,-177.5622,1324.8125
101.0554,23.0764,-178.272,1303.1878
101.0482,23.0605,-178.0756,1289.5739
101.0396,23.0451,-178.4433,1303.5507
101.0484,23.0261,-178.0542,1277.0015
101.0483,23.0057,-179.2286,1346.189
101.0528,22.9854,-179.6901,1333.748
101.0535,22.97,-179.1064,1254.6446
101.0412,22.9553,-179.8044,1144.3029
101.0408,22.9404,-179.1857,1172.867
101.0358,22.9236,-177.3043,1222.0433
101.0385,22.9085,-177.1522,1266.2702
101.0443,22.8864,-176.884,1335.0725
101.0525,22.8672,-176.381,1507.5355
101.0466,22.8552,-176.2351,1580.6274
101.0215,22.8409,-171.1085,1627.7876
101.0069,22.8258,-171.415,1526.7472
100.9932,22.8101,-170.7356,1310.4917
100.9781,22.7928,-170.7632,1287.2563
100.9789,22.777,-171.0017,1270.331
101.0501,22.741,-173.0171,1441.6864
100.9552,22.7704,-168.5816,1280.2616
100.9247,22.776,-166.0889,1308.1698
100.9009,22.7867,-165.1433,1153.2995
100.8636,22.7646,-163.9928,1271.3847
100.8326,22.7567,-163.0167,1222.6468
100.8012,22.7331,-162.9893,1081.4841
100.8043,22.7039,-163.1937,968.7686
100.7938,22.6746,-162.2921,1005.859
100.7576,22.6589,-160.3213,1138.6213
100.7277,22.624,-157.8862,1234.3347
100.6797,22.6308,-156.2684,990.8406
100.6488,22.6053,-155.1893,901.7333
100.6018,22.5874,-156.9568,780.6718
100.5587,22.5826,-153.6294,996.7925
100.5361,22.6246,-153.0401,1300.7414
102.873,26.9503,-265.2822,936.3353
102.8484,26.9418,-268.1905,1034.8382
102.8288,26.9259,-263.7433,1302.3424
102.8109,26.9063,-265.6476,1481.105
102.8042,26.8909,-264.4271,1747.8418
102.7869,26.8796,-262.9771,1933.4802
102.7699,26.8678,-260.0587,2118.6366
102.753,26.8507,-258.5516,2322.0357
102.7433,26.8237,-255.6815,1941.3083
102.7421,26.7992,-256.0643,1980.9225
102.7207,26.7882,-253.0636,2024.4571
102.6969,26.7749,-251.2335,2113.3049
102.6806,26.7682,-248.3762,2230.4441
102.6714,26.7475,-245.4972,2342.9365
102.6642,26.7229,-244.9221,2284.4081
102.6503,26.7129,-241.7648,2322.6219
102.6208,26.7021,-241.0485,2412.3397
102.6215,26.6762,-238.4958,2138.7419
102.6024,26.6575,-238.7736,1894.4059
102.5925,26.6434,-237.8645,1722.9301
102.5689,26.6278,-237.927,1639.5909
102.5531,26.6199,-237.2833,1644.9117
102.5276,26.6104,-237.5047,1665.0893
102.5095,26.5943,-235.6227,1739.3764
102.4865,26.593,-235.5283,1963.0923
102.4793,26.5667,-236.8224,1750.1911
102.4567,26.5651,-237.4093,1725.8808
102.3792,26.578,-239.9076,1769.7262
102.3431,26.5723,-239.6607,1844.311
102.2637,26.6103,-240.6329,1723.1973
102.2423,26.616,-242.307,1733.5424
102.2307,26.5953,-240.9394,1737.9834
102.2161,26.5747,-238.9258,1767.9926
102.2007,26.5613,-236.1448,1743.0402
102.1817,26.5474,-232.5804,1721.9399
102.1605,26.5364,-230.8199,1702.4873
102.1474,26.5227,-228.956,1701.0618
102.1338,26.506,-225.9537,1875.5759
102.1123,26.4962,-222.8118,1979.1507
102.0945,26.4831,-219.9749,1944.5346
102.085,26.4593,-214.3873,1761.1366
102.0719,26.4423,-202.4927,1834.0341
102.0765,26.4121,-207.8065,1708.372
102.0602,26.3863,-195.2804,1790.2264
102.0417,26.3807,-200.3113,1765.1317
102.0101,26.3786,-203.9055,1781.7908
101.9803,26.3815,-210.7141,1764.9328
101.946,26.3853,-209.0525,1350.3275
101.9282,26.3654,-218.5773,943.7301
101.8954,26.3671,-204.7958,1415.8826
101.8874,26.3442,-204.102,1622.7784
101.8729,26.3307,-219.2429,1710.2965
101.8755,26.3095,-181.4578,1805.1657
101.8871,26.2848,-206.2187,1954.189
101.8797,26.2653,-202.5378,1863.2133
101.8702,26.2423,-200.3449,1821.5185
101.8654,26.2191,-200.095,1698.0079
101.8411,26.2083,-202.0102,1860.368
101.8289,26.1992,-201.2244,1801.7274
101.817,26.1721,-203.2808,1941.8936
101.8019,26.1507,-200.8659,1980.3681
101.7928,26.1364,-203.2984,2039.1143
101.7736,26.1228,-202.544,1958.83
101.7535,26.1105,-204.039,1865.4671
101.7392,26.0976,-204.577,1782.2257
101.7157,26.086,-207.0835,1691.3163
101.6917,26.0798,-209.0101,1678.1741
101.6699,26.0582,-210.9717,1503.323
101.6599,26.0367,-211.1782,1522.3561
101.6397,26.0261,-214.282,1556.9277
101.5872,26.0352,-222.8467,1538.7423
101.5718,26.0261,-223.4489,1642.711
101.5547,26.0047,-226.0496,1686.2462
101.544,25.9842,-227.2766,1669.3443
101.544,25.9554,-228.2687,1690.0906
101.5418,25.9301,-229.2564,1678.5568
101.5412,25.9045,-230.2887,1745.4605
101.5462,25.8685,-232.1882,1407.0185
101.5232,25.8586,-233.0599,1509.9618
101.5134,25.8363,-232.9617,1666.1794
101.4881,25.8195,-237.0128,1692.0494
101.4757,25.8068,-237.7036,1738.7464
101.454,25.7985,-237.5992,1780.7004
101.4299,25.7923,-238.3535,1791.5448
101.4082,25.7835,-240.4776,1806.4863
101.3911,25.7721,-239.6645,1806.2117
101.3627,25.7683,-243.3386,1860.9135
101.3379,25.7592,-248.1527,1860.2907
101.3213,25.7417,-248.4337,1833.8483
101.3167,25.727,-246.3325,1835.2029
101.3214,25.7006,-244.6561,1837.499
101.3009,25.6857,-242.9121,1861.5461
101.2883,25.6732,-244.2854,1832.1625
101.2755,25.6593,-243.97,1831.7213
101.2552,25.6425,-243.3219,1898.8505
101.2329,25.6244,-244.116,1836.1008
101.2272,25.6052,-243.5326,1833.1568
101.229,25.5775,-250.2606,1833.6134
101.232,25.5557,-252.225,1832.8534
101.2423,25.5222,-252.8341,1838.8863
101.2542,25.4594,-243.5948,1874.589
101.2543,25.4337,-244.9398,1906.9462
101.2421,25.4064,-244.9343,1941.1398
101.2388,25.3852,-244.3268,1973.2976
101.2505,25.3523,-242.2788,2082.8578
100.8368,25.7378,-249.9387,1763.9691
100.8117,25.7301,-248.6657,1856.1052
100.7958,25.7116,-246.1229,1898.9268
100.7744,25.6991,-243.9984,1912.4898
100.7546,25.6896,-241.5249,1918.6275
100.7374,25.6822,-237.6782,1913.7754
100.7295,25.6669,-236.4871,1917.5135
100.7368,25.6289,-238.9343,1921.5838
100.7361,25.5997,-240.1003,1933.3359
100.7365,25.5696,-240.9826,1931.5166
100.7235,25.5526,-238.6041,1945.7694
100.7009,25.5469,-238.8511,1949.471
100.6726,25.5399,-236.5613,1951.6577
100.6473,25.5311,-238.7134,1968.163
100.6218,25.5188,-242.2555,1972.4335
100.6073,25.503,-247.3611,1954.7619
100.5891,25.4907,-251.4626,1952.6595
100.5479,25.4822,-250.029,1972.4651
100.5476,25.4623,-249.8673,1960.7795
100.5473,25.4451,-248.304,1958.3396
100.5329,25.4217,-247.4626,1845.1611
100.531,25.4016,-249.0855,1819.2584
100.5245,25.3835,-246.9985,1765.9389
100.5158,25.3639,-248.3629,1726.1905
100.4923,25.3513,-257.702,1649.4218
100.5042,25.3211,-259.3318,1643.3052
100.5172,25.2878,-262.8637,1636.2605
100.5395,25.2646,-253.7831,1623.1904
100.5565,25.2435,-250.6227,1628.7744
100.5709,25.2245,-249.5997,1611.9246
100.5762,25.2005,-249.8537,1605.6552
100.5807,25.1807,-248.7961,1584.5769
100.5883,25.1613,-250.016,1553.9698
100.6007,25.136,-248.4483,1512.3599
100.5467,25.0874,-252.8471,1346.8845
100.5487,25.0765,-252.2005,1329.4824
100.5365,25.0584,-251.9469,1321.5138
100.5065,25.0335,-251.4143,1351.8883
100.4827,25.0267,-249.4161,1385.3163
100.4568,25.0257,-248.3381,1426.5936
100.4393,25.0112,-244.3046,1462.7404
100.4187,24.9983,-243.7305,1554.1813
100.4038,24.9813,-241.633,1600.6504
100.3783,24.9705,-238.6129,1670.933
100.3503,24.9582,-235.9401,1746.9754
100.3201,24.9421,-233.5651,1831.225
100.3118,24.9219,-232.3984,1939.8726
100.3079,24.8941,-230.1484,1885.7504
100.3118,24.8734,-230.7503,1707.6676
100.3062,24.8541,-231.8083,1512.9594
100.3135,24.8283,-231.0697,1399.8872
100.34,24.7988,-233.928,1201.2415
100.3564,24.7696,-235.9559,1024.6633
100.3553,24.7422,-229.9192,1006.242
100.303,24.7406,-225.9896,1434.0179
100.2882,24.727,-228.3432,1571.2614
100.2668,24.7131,-228.7587,1759.1745
100.2551,24.6994,-228.9008,1877.3208
100.2346,24.6562,-231.7977,1805.7406
100.2333,24.6362,-231.8292,1642.03
100.228,24.612,-233.5405,1449.8494
100.2181,24.5952,-231.8372,1465.2965
100.2073,24.5793,-229.9705,1462.2201
100.2011,24.5591,-228.0774,1421.6333
100.1915,24.5391,-228.7949,1249.9775
100.1803,24.5214,-229.1582,1149.9142
100.1668,24.4988,-229.4428,1077.8101
100.1611,24.4811,-231.7164,1050.5425
100.1561,24.4643,-232.1498,1033.575
100.136,24.4451,-236.2191,1072.8218
100.1226,24.4176,-234.1517,1151.6397
100.1071,24.4026,-233.7619,1121.3141
100.1079,24.3773,-233.2806,1215.1515
100.1081,24.3586,-231.7291,1303.8618
100.0948,24.3363,-229.6864,1476.122
100.0883,24.3171,-229.0431,1637.9612
100.0824,24.2949,-228.1682,1556.6964
100.063,24.2762,-229.0909,1484.6195
100.0469,24.2553,-230.8123,1375.18
100.0378,24.2339,-233.2952,1236.815
100.0351,24.2095,-231.7443,1091.0389
100.0307,24.1918,-233.2369,1010.5239
100.007,24.1781,-236.4756,951.5301
99.9798,24.1642,-231.6421,912.1944
99.9584,24.1537,-228.0224,941.7672
99.9446,24.1325,-224.5319,890.0899
99.9275,24.1196,-222.211,863.2776
99.9111,24.105,-220.0049,909.426
99.8883,24.0914,-216.3934,1088.9233
99.8837,24.0736,-216.1945,1209.7962
99.8676,24.0544,-215.3461,1022.7943
99.8545,24.0393,-215.8613,964.7524
99.8394,24.0195,-215.1864,984.123
99.8273,24.0079,-215.0675,1015.2354
105.29961077611,28.361601697222,-139.28038030251,340.143
105.28596186889,28.349917866667,-140.79559701316,271.595
105.27617791528,28.335860539722,-140.08743286784,302.154
105.26438949167,28.322508523333,-140.7847374999,286.126
105.24727155972,28.312585496944,-140.09516671345,291.908
105.24018978889,28.300492023611,-138.5279212325,292.107
105.23702235111,28.283346466111,-137.51920305301,299.452
105.22841598972,28.269974533333,-139.32949084301,336.687
105.21280958139,28.255408726389,-138.04696329899,333.655
105.194658705,28.242111611944,-137.74435760874,340.747
105.18954442444,28.227122331944,-137.74709705251,335.541
105.18181095472,28.2120303925,-137.45226115687,348.538
105.16859991333,28.197240768889,-138.85445947375,371.708
105.15209684167,28.179779423333,-140.52062383974,570.312
105.12971020222,28.175248361389,-142.27147954112,766.494
105.10888408083,28.174543204167,-143.73317048936,891.564
105.09098986444,28.168978867222,-144.52762396946,1023.322
105.06944371278,28.166293075,-145.31042077812,1293.239
105.05431469083,28.163036285556,-145.28506755511,916.533
105.03456262889,28.153136425,-144.96719619737,753.557
105.02834803028,28.137916115833,-147.46685559758,836.538
105.0103775275,28.131539928333,-148.491421466,684.144
104.99359588722,28.119787121111,-151.64804492228,605.263
104.97996529472,28.111347234444,-151.05528036165,722.959
104.96211405917,28.104541995,-156.34852089781,736.574
104.9537854425,28.094474100556,-155.98338646279,537.604
104.94509805778,28.081004341111,-158.38185931089,489.886
104.92508045833,28.0717560025,-160.58244349076,841.404
104.91145788056,28.059464100278,-160.67697847756,885.485
104.89841400028,28.0461584675,-161.07021083788,945.602
104.88250938417,28.030709814167,-166.06287858796,511.48
104.87620013472,28.020762266667,-167.49266146087,429.521
104.8643645525,28.010782856944,-167.32854226801,584.212
104.85289496361,28.000796384444,-168.19071193209,728.503
104.85170650806,27.988226591111,-167.95336884563,852.823
104.84092213361,27.9729910275,-169.37355077074,905.166
104.81562596861,27.969746090278,-170.43940909825,983.054
104.8018678725,27.964512245,-174.01189247103,979.58
104.78966705278,27.953917992222,-174.86393808006,905.697
104.77164365667,27.939265141667,-175.9602692955,880.261
105.1778532125,28.420118673889,-139.10451128456,331.793
105.16451272556,28.409588580833,-138.81002094766,317.967
105.14483385778,28.395523526111,-139.8192291819,322.17
105.13823608778,28.381632924167,-139.70201501293,328.078
105.12214324833,28.368815409444,-141.34252322958,302.445
105.10721225611,28.353636837778,-140.22413941238,351.94
105.10181092694,28.342530289167,-138.8868487323,330.742
105.08237274889,28.3349396725,-138.99413796328,429.09
105.06427674722,28.322604796667,-140.26790490435,700.822
105.05028720806,28.311390561111,-137.60561528972,815.83
105.03289354,28.295903626667,-140.27728668276,379.283
105.03123907944,28.282188080833,-138.57454734287,575.77
105.02173835917,28.269845874444,-141.5748398633,1027.816
105.00686168333,28.241149246111,-143.91169627939,1254.868
104.99292638778,28.241453003889,-144.78542259271,1079.845
104.987961905,28.228212591667,-144.53726058891,952.052
104.96720734694,28.221172950278,-146.80050166791,1301.478
104.95025772944,28.209355466389,-149.04363376462,1029.246
104.92410942306,28.209251591389,-147.67064702014,743.015
104.91865439417,28.194775014167,-153.71475904535,767.399
104.91798325528,28.1833550825,-147.93527925251,648.761
104.92293738472,28.162638649167,-153.07230612719,565.054
104.89301260194,28.164307765,-153.6031110815,898.311
104.86348503139,28.164644036111,-155.42171099377,928.811
104.83658606722,28.1596142875,-161.166174813,434.179
104.822026245,28.152202382222,-160.66897032931,400.755
104.80351366667,28.138854687778,-164.4755150871,377.081
104.81278802333,28.124399211667,-163.87090159325,375.559
104.81168712111,28.114906136667,-162.4671363775,485.637
104.80189959333,28.101344036389,-163.06892196372,636.043
104.78666841139,28.093888514722,-165.99564121635,755.321
104.76931086528,28.089450647778,-166.3564546407,645.904
104.75627123861,28.082122944722,-170.73432172166,419.039
104.73488943333,28.074539526944,-164.78567401154,727.616
104.7373665225,28.057166306944,-169.88903323606,932.685
104.72679336028,28.047274415833,-170.81402689788,842.003
104.71893112,28.035951015278,-172.84529371394,830.866
104.70647780222,28.0257471025,-172.50797918735,816.14
104.69534334611,28.015012748611,-173.28292012084,695.661
104.67773653167,28.007869088889,-177.16022422314,433.902
104.66763417778,27.996103231667,-177.02500348699,429.093
105.10024870722,28.501303756667,-140.6410578536,348.077
105.07816261861,28.492652953611,-142.43778093146,361.318
105.07641033667,28.474653423889,-142.91827375718,301.856
105.05682658194,28.459902241389,-144.31929492406,318.696
105.04791666528,28.4495493125,-143.97320944178,322.297
105.03010089583,28.440955757778,-144.86821699442,269.897
105.01432439889,28.424546820556,-143.92756027666,297.364
104.99123796444,28.416222301389,-145.59079807579,269.79
104.97239266917,28.404859333333,-145.30942179377,274.47
104.96634657528,28.390969568611,-145.96369418325,283.58
104.95196514639,28.3778116025,-144.7221924028,308.118
104.94396661806,28.371902018056,-143.93980263331,448.623
104.93195107361,28.361906206667,-142.94560373093,607.017
104.91730405833,28.355556266667,-146.67240659561,704.815
104.90309873361,28.344323508611,-144.48178778917,669.892
104.91122614972,28.3330910275,-145.98318189177,829.632
104.90767019889,28.323226180278,-146.91297005084,957.437
104.89873359,28.315071521389,-148.23216984941,1041.704
104.89627186194,28.304590683611,-149.12778491826,791.966
104.8749489325,28.302645295,-151.13397584224,841.148
104.85109533444,28.295461396389,-152.04464829393,725.124
104.82867460028,28.2864436475,-154.59984132458,458.127
104.81469934472,28.272609070556,-154.41112943156,476.305
104.81406719361,28.2628855925,-154.26695793225,557.749
104.80625560139,28.250859008611,-156.70473991395,635.044
104.79184998806,28.2439555575,-157.33335198526,771.798
104.77725827444,28.232166165,-159.78445849281,790.01
104.75397153056,28.229182113611,-161.22191914834,575.437
104.74133478417,28.209362568611,-164.88122326836,417.321
104.72946019722,28.192206271389,-163.30640949653,556.655
104.721459,28.176604547222,-165.73851973057,494.612
104.70708679972,28.167768695556,-165.2937584126,380.781
104.68522431194,28.151916618333,-169.08679963889,360.206
104.66930175944,28.143456217778,-170.81684085018,612.548
104.65897810278,28.13010323,-171.08441522292,807.063
104.65412218833,28.117375412222,-171.62206864974,956.916
104.63754098556,28.109389618056,-172.46648211672,884.778
104.62621620417,28.103991684722,-174.41504398153,692.1
104.61190772944,28.097196038333,-175.87761946507,458.193
104.58004165417,28.083671594167,-179.72717099104,418.005
104.57864292389,28.061711426111,-179.94433647929,419.93
104.98969770361,28.554804980833,-141.87726380269,412.982
104.97766428944,28.537367236944,-143.98168551766,344.427
104.96350979222,28.523622084722,-145.51575324451,323.32
104.95262962389,28.508257928333,-147.33624566467,272.97
104.93278408639,28.496700772778,-149.39153972074,242.527
104.92666337694,28.479756797222,-150.4579945716,240.144
104.91686790528,28.469723524167,-151.28354269748,461.136
104.89182195556,28.469063187222,-149.95965402179,567.882
104.86921582778,28.454348273611,-152.55732016384,272.47
104.85811341,28.442087724444,-149.61004879153,254.515
104.84518568806,28.435945909722,-152.30021558519,318.77
104.83043208083,28.433152568056,-149.17729692386,332.402
104.81894089222,28.4201563625,-150.7739950709,484.893
104.81002528306,28.4124599375,-153.04253907311,353.561
104.80008258361,28.402962590278,-153.4491849569,296.061
104.79990554,28.392628364722,-154.99766118215,298.598
104.78980175611,28.385075726111,-155.44697331755,305.693
104.78724894139,28.375376307222,-155.2887429039,315.846
104.78080258028,28.365804395556,-155.08529203739,327.225
104.76501984861,28.366380033889,-154.63967788566,399.489
104.74478781028,28.363787985556,-154.59403198598,457.607
104.72485406806,28.353020920278,-157.23191236035,941.454
104.72348146389,28.343125344722,-160.05115198942,948.388
104.7228417025,28.328612981111,-161.57791173581,740.614
104.70359743472,28.323676383056,-163.31949064723,630.513
104.6919887075,28.312073141944,-163.07891637939,490.607
104.68583850222,28.294849524444,-165.21536454455,425.041
104.67539712972,28.280282454722,-167.34272032262,376.995
104.66831558806,28.264850376389,-168.77767752719,382.217
104.64987158806,28.257561175278,-169.06856132047,454.14
104.64080862417,28.245916578611,-169.48395229379,537.157
104.61031543028,28.231880130556,-171.58893759226,691.894
104.59075447556,28.219462894722,-173.06080087831,727.649
104.58303321194,28.208719585833,-174.06705413185,663.244
104.5721995325,28.199619233889,-175.48389984025,587.277
104.55922360111,28.193763673611,-175.79250497811,556.814
104.54811339583,28.181097834722,-177.96249641048,549.639
104.53852642083,28.167953318056,-180.09509638657,561.641
104.52669505389,28.158001111389,-180.28557613571,587.869
104.50192429278,28.148939916111,-182.24302253843,517.764
104.48149167083,28.140280204722,-183.67389650771,423.417
104.9001068,28.57925042,-145.6119669,283.095
104.8973151,28.57184473,-146.3313533,324.892
104.8917576,28.57400314,-146.3998902,312.445
104.8888117,28.56586981,-146.9272638,337.458
104.8776111,28.56153038,-147.667181,307.344
104.8698759,28.55803818,-148.1058553,305.501
104.863851,28.55349347,-148.5980984,331.1
104.8539535,28.53723555,-150.1321045,299.527
104.8452157,28.53436756,-150.5178955,370.836
104.8390696,28.53208328,-150.8584798,405.26
104.8323748,28.52323734,-153.1086898,358.199
104.8166963,28.51743489,-152.4324422,398.476
104.8150099,28.51326547,-152.9818895,379.651
104.8072348,28.50697338,-153.6902257,351.748
104.7951569,28.49492364,-154.9180319,336.15
104.7834572,28.48058188,-156.1758149,361.795
104.7642792,28.47288693,-156.6340513,336.114
104.7552381,28.46337189,-156.6679592,327.697
104.7466583,28.44707358,-158.0914692,384.464
104.7296255,28.44790114,-158.3346346,397.472
104.7138841,28.42826503,-160.1439942,376.959
104.703561,28.41744508,-161.2504102,627.112
104.6963138,28.40856616,-165.6432697,745.068
104.6862506,28.39622267,-161.8607914,951.522
104.6589883,28.38484628,-166.2286396,613.962
104.6498324,28.37358827,-172.4484168,995.096
104.6276558,28.36473723,-167.3152573,641.816
104.6160708,28.34873709,-171.6235866,393.583
104.6043732,28.34034931,-172.3482733,355.829
104.5928392,28.33380951,-172.3633571,451.89
104.5712041,28.32122878,-173.8333801,489.481
104.5628372,28.30707227,-177.9577423,633.895
104.5503667,28.29672174,-178.3173921,558.443
104.5389512,28.2860362,-179.4320718,390.486
104.5215134,28.27527313,-180.2057739,392.789
104.5072283,28.26628415,-181.4431692,386.196
104.4947213,28.25186901,-183.1312546,362.136
104.4794251,28.23710806,-183.8652222,403.93
104.4677385,28.23324983,-184.7236486,401.966
104.4534177,28.22518723,-187.6711412,419.425
104.4443698,28.21086795,-187.421217,739.957
104.4267442,28.20287679,-190.4255639,785.691
104.8138583,28.6123822,-148.9803,391.59
104.8039772,28.59517083,-150.1449,355.071
104.792217,28.58725963,-151.1149,354.085
104.7734798,28.57909551,-153.1397,315.546
104.7612015,28.56881426,-154.3117,334.465
104.7502851,28.54997772,-155.6074,326.074
104.7407861,28.544976,-156.3262,316.557
104.7177612,28.53533366,-158.1483,329.045
104.7128354,28.52470105,-158.5694,327.401
104.7033559,28.5115766,-161.8696,343.361
104.684784,28.50100128,-161.0141,574.419
104.6748739,28.48585325,-160.54,403.078
104.664499,28.4851004,-161.8686,411.014
104.6479744,28.48477692,-163.4698,458.976
104.6405072,28.47919689,-164.0872,467.111
104.6324098,28.47385944,-164.6721,493.556
104.6247097,28.46874547,-165.9604,443.876
104.6158875,28.46308377,-166.2809,402.588
104.608796,28.45879662,-168.1032,384.047
104.6034033,28.45478668,-168.5522,371.748
104.5966576,28.45165327,-168.76,361.338
104.5906041,28.44667784,-169.3838,376.617
104.5853359,28.44145349,-169.8338,405.017
104.580797,28.43656997,-169.1425,435.69
104.5666483,28.4226109,-171.9945,343.764
104.5665222,28.40374879,-171.667,294.598
104.5498564,28.3866955,-174.8912,309.707
104.5472478,28.3669125,-178.8982,317.896
104.5331192,28.34918402,-180.0477,314.413
104.5196528,28.34025069,-179.6294,317.732
104.499135,28.33714051,-179.2996,479.634
104.4809069,28.32848713,-180.5272,490.706
104.4727818,28.31698109,-182.4528,468.095
104.461776,28.30723203,-184.9609,473.636
104.440654,28.29630949,-185.2572,800.542
104.4243875,28.2909454,-185.875,890.425
104.4150414,28.27652656,-184.9911,870.916
104.7511223,28.64030718,-155.9796,663.364
104.7380526,28.62408319,-155.4228,563.658
104.7140914,28.61396696,-155.3427,316.696
104.6993151,28.60552398,-154.4847,416.256
104.6839618,28.59117062,-156.1319,404.623
104.670079,28.58052915,-158.1342,375.027
104.653392,28.57184068,-159.1967,338.498
104.6207282,28.56929396,-163.0195,362.728
104.6106024,28.55777622,-163.9255,366.922
104.6102196,28.53348511,-163.5328,418.902
104.5971187,28.52961104,-163.7227,410.794
104.5794833,28.51629754,-166.4523,407.365
104.5665143,28.505539,-169.1167,413.414
104.5643795,28.49688201,-170.8269,524.698
104.5536544,28.49753728,-170.7762,394.995
104.5558052,28.48335495,-170.5361,352.291
104.5518231,28.47824202,-170.0415,374.044
104.5454307,28.47343141,-171.026,343.13
104.5395756,28.46575615,-172.0596,332.693
104.5348149,28.46223242,-172.4552,338.78
104.5280235,28.45358773,-173.2737,305.585
104.5172495,28.44469695,-174.5146,286.398
104.5025097,28.43674,-176.1491,286.006
104.4968723,28.41962808,-176.7604,286.218
104.4830224,28.41335188,-177.7962,356.493
104.4723706,28.4047625,-180.4592,460.23
104.4619644,28.395573,-182.0743,496.872
104.4541976,28.38941417,-184.039,507.098
104.4401587,28.37955831,-185.0118,580.708
104.4346928,28.37071015,-183.5222,568.962
104.4189421,28.35635589,-184.0372,398.055
104.4026577,28.34728765,-186.4289,353.436
104.3929992,28.33884619,-188.3718,390.965
104.3796832,28.32574607,-188.2098,455.044
104.3701361,28.31238146,-185.1484,668.963
104.3491384,28.30359107,-186.6205,743.629
104.3385093,28.28855806,-188.7882,875.745
104.3274608,28.27639788,-189.2543,980.349
104.3220055,28.27215523,-190.3938,1073.128
103.448,29.8873,-190.5442,437.6412
103.4251,29.8919,-191.245,480.5358
103.398,29.9111,-193.0611,418.6981
103.3542,29.9144,-197.96,421.5566
103.322,29.9246,-202.756,519.8411
103.2934,29.8958,-204.5795,430.0996
103.263,29.8708,-208.4248,448.9698
103.2417,29.8601,-211.5834,443.9345
103.2108,29.8569,-216.3653,460.9354
103.1958,29.8837,-218.9387,463.9535
103.1869,29.8979,-220.5585,481.9732
103.1701,29.9109,-223.2399,490.032
103.1367,29.9325,-229.072,498.0907
103.1211,29.945,-231.9173,554.7808
103.0925,29.9591,-236.9264,500.9177
103.0849,29.9806,-237.6725,523.5213
103.0666,30.0181,-241.4523,509.7676
103.0378,30.0135,-244.9425,529.3523
103.0109,29.9809,-246.1044,538.4591
102.9855,29.9925,-250.3224,584.1967
102.9752,30.0021,-252.3734,547.0919
102.9561,29.9954,-253.8892,556.4231
102.9265,30.0044,-258.1224856,578.3709
102.9066,30.0192,-257.7301,636.4871
102.8882,30.0252,-263.3309,589.6867
102.8728,30.0039,-263.5399,598.7592
102.8533,30.026,-267.8327,628.8726
102.8329,30.025,-270.3609,637.325
102.811,30.0279,-272.1294,654.1012
102.7877,30.0239,-272.1251,680.7826
102.7707,30.0524,-275.4077,712.73
102.7519,30.0572,-276.4361,741.1861
102.7357,30.0789,-277.8075,733.2383
102.7182,30.0871,-278.2838,762.5996
102.6817,30.0846,-279.5202,815.9219
102.6386,30.0716,-286.3658,845.7928
102.5996,30.0473,-282.5308,929.1039
102.5704,30.0331,-282.3823,945.7154
102.5552,30.0176,-281.9173,969.0855
102.536,30.0097,-281.5102,990.5256
102.5066,30.0067,-279.5108,1027.725
102.4939,30.0014,-277.3278,1057.443
102.4534,30.0049,-273.895,1130.2
102.4424,29.9805,-280.5613,1202.031
102.386,29.9286,-291.435,1415.973
102.3656,29.8934,-296.9961507,1578.858
102.3359,29.879,-303.3271,1843.792
102.3103,29.8552,-307.7438,2146.543
102.2623,29.8437,-307.8955,2142.513
102.2493,29.8316,-309.4341,2167.537
102.2283,29.8082,-309.478,2010.09
102.2161,29.8499,-313.7042,1528.248
102.2208,29.825,-315.9613,1598.225
102.217,29.891,-318.4027,1290.072
102.2073,29.9591,-327.53,1367.9
102.1934,30.0051,-329.1211,1347.522
102.1808,30.0258,-328.3159,1348.335
102.1591,30.0537,-338.9578,1358.087
102.1493,30.0744,-347.8572,1420.264
102.1038,30.0722,-353.3425,1696.37
102.0795,30.079,-358.1996,1845.472
102.0516,30.0983,-362.0339,2022.986
102.0226,30.0845,-370.7028,2215.854
102.0113,30.0739,-373.9856,2300.231
101.9836,30.0582,-385.484,2429.089
101.9563,30.0269,-387.13,2631.668
101.938,29.9924,-398.356,2958.072
101.9124,29.9897,-412.7951,3007.771
101.8901,29.9928,-421.1253396,3140.548
101.86,30.0147,-421.9084,3527.784
101.8482,30.032,-421.2476,3660.486
101.8308,30.0425,-422.0892,3762.462
101.8114,30.0651,-414.0777,4077.677
101.7899,30.0764,-411.8216,4119.524
101.7696,30.0688,-410.4134,3933.791
101.7355,30.0592,-407.4715,3786.021
101.7185,30.0546,-406.1494,3749.292
101.7046,30.0782,-406.275,3704.096
101.6703,30.0856,-408.9554,3632.657
101.61,30.0762,-409.8655,3548.987
101.5814,30.0609,-409.8849,3492.031
101.5396,30.0344,-410.2836,3436.396
101.4601,30.072,-410.8132,3477.678
101.4283,30.0591,-408.1668,3661.297
101.3829,30.0515,-407.9891,4122.198
101.3576,30.0588,-406.2649,4276.987
102.0665906,31.48883447,-403.4033678,2110.2702
102.1005541,31.46161262,-399.8100637,2263.3582
102.1188301,31.42760367,-398.3024191,2440.803
102.1224974,31.39123686,-394.0053359,2671.8392
102.1577146,31.37120766,-397.5589475,2993.9191
102.1910989,31.34910962,-392.9278907,3746.3455
102.2188941,31.32366089,-391.4408423,4215.8187
102.2943215,31.3512505,-392.3441335,3606.2189
102.2638328,31.32405761,-389.5232091,4110.3229
102.3357546,31.34311375,-388.8756661,3239.403
102.3777441,31.34714235,-386.9944492,3038.6671
102.4147127,31.32940753,-380.4040079,2889.148
102.4538618,31.31461281,-376.8857388,2779.071
102.479279,31.28763244,-372.5825089,2690.3003
102.4639344,31.25678901,-371.580532,2653.8877
102.4494873,31.22496083,-366.1661614,2582.9195
102.444993,31.18857201,-369.9763156,2566.7907
102.4417314,31.14422939,-360.9436973,2467.2692
102.4286363,31.10191321,-362.9237125,2418.2394
102.4055347,31.06063261,-364.9332195,2350.553
102.4063302,31.01886654,-361.1894323,2284.1367
102.4505479,31.02088236,-354.5373477,2357.355
102.4949206,31.0279005,-351.6893104,2408.3984
102.5369226,31.02380649,-351.0143006,2471.9344
102.5738077,31.00169254,-343.8468083,2568.8009
102.5984259,30.98117903,-341.0034061,2596.0405
102.6241401,30.97324338,-337.6771598,2632.5342
102.63703,30.96569,-330.0312325,2716.46
102.6441438,30.94726245,-336.7777495,2828.6768
102.6478693,30.91847667,-336.3237796,3031.013
102.6458061,30.88803506,-329.1724089,3249.01
102.6670972,30.86799449,-319.4071609,3808.7169
102.682594,30.860488,-311.9177415,4106.221
102.6929822,30.84964633,-315.466005,3810.9148
102.7202589,30.82925968,-308.7116824,3165.0843
102.727732,30.80024078,-309.1879138,2380.7491
102.7276222,30.77022279,-301.579273,2299.1763
102.746732,30.73857999,-296.5631737,2114.4711
102.7511226,30.70537474,-292.7464403,2148.4233
102.7489377,30.67450178,-291.6612439,1988.7638
102.75809,30.66271,-282.4638973,2005.298
102.7676678,30.65025109,-283.441067,1950.0902
102.7985872,30.64042153,-278.5273855,1841.0803
102.8293388,30.64066888,-278.1989228,1812.2877
102.8560297,30.62631612,-276.08946,1726.9207
102.8709097,30.5995206,-279.3437856,1570.9658
102.8826648,30.57228325,-266.7062529,1531.357
102.904594,30.55047732,-258.1729486,1393.5614
102.9141701,30.52443175,-257.151893,1336.253
102.8981152,30.49637425,-255.8286374,1259.511
102.8826775,30.47198613,-253.5852671,1200.3764
102.8652095,30.45165168,-249.1644571,1133.8369
102.8434121,30.42855939,-250.6036323,1063.7555
102.8286485,30.40460012,-251.9847473,1004.5242
102.8116527,30.38464291,-257.8456883,972.124
102.81191,30.36851434,-257.7171384,961.4311
102.8012221,30.3463721,-259.4826034,917.1478
102.7826276,30.33539162,-258.108084,878.2272
102.7767772,30.31967251,-254.5934341,840.4227
102.7895156,30.30306815,-262.6641843,819.0847
102.8035286,30.28537157,-263.2346054,785.997
102.8182626,30.27266949,-264.5707535,764.3003
102.8242022,30.25772979,-267.0719729,749.5352
102.8420675,30.26106528,-266.7598269,816.268
102.8636131,30.27039503,-262.6626844,1126.533
102.8833945,30.27234211,-264.600549,976.4938
102.9015011,30.26847759,-265.9673252,916.4554
102.9184871,30.2503798,-263.9978589,864.9621
102.9305011,30.22825631,-258.7642974,750.9952
102.9352182,30.20552117,-259.2739231,676.6261
102.9268354,30.17896372,-259.7622272,662.6603
102.9177515,30.15758216,-260.6027343,646.3998
102.9292687,30.13628218,-257.5804349,634.4372
102.9309095,30.12784477,-257.2744186,629.2375
102.9252049,30.11108797,-257.1502461,623.303
102.9263192,30.09936235,-257.6178374,739.8961
102.9551732,30.08335043,-252.3675026,1581.307
102.9796569,30.08576756,-248.9663342,1068.2393
103.0000364,30.08891031,-247.235219,861.7256
103.0145798,30.07169326,-246.5741867,744.8514
103.0167825,30.04350208,-245.3546969,594.7324
103.0102286,30.01632752,-244.711538,556.5347
103.0442571,30.01940026,-240.142963,528.9
103.0241992,30.00215737,-241.6558654,534.9009
103.0108755,29.98090787,-242.2285634,539.1752
103.0739568,30.01356503,-236.2167243,532.0666
103.0833473,29.98813779,-233.964791,526.7253
103.0929734,29.96069348,-232.760342,502.0689
103.1252359,29.95216919,-228.4078973,496.8348
103.1473012,29.93144606,-224.1863884,494.2257
103.1701311,29.91087143,-220.6234316,690.2446
103.1922349,29.89066446,-216.5897702,477.5719
103.2012903,29.86493845,-214.7264657,464.0337
103.3030267,29.91064002,-200.4393802,454.2067
103.3325209,29.92385481,-198.3556026,510.0056
103.2311074,29.85742674,-209.5570601,465.9434
103.2853462,29.88439622,-201.8751032,436.6586
103.2602998,29.86930171,-206.020036,450.5715
103.3627576,29.91130463,-194.2458973,420.2517
103.3949779,29.90897283,-190.5030812,417.571
103.4222895,29.89374987,-188.9026985,487.8065
103.4525038,29.88735852,-187.0951284,433.6488
103.4815665,29.87813716,-184.1173174,450.2256
103.5066703,29.86256573,-181.8844632,425.6007
103.5297234,29.84444186,-181.2846126,413.7604
103.5585645,29.83425482,-176.5377626,423.9516
103.5736893,29.81091976,-178.9345669,409.2388
103.5765979,29.78471719,-179.8063808,382.6689
103.5959019,29.7548595,-180.2728774,366.9121
103.608463,29.72325934,-179.4932923,360.7736
103.6326795,29.69575337,-176.9653004,352.1968
103.6626085,29.67394885,-173.638732,347.1585
103.6879592,29.65157604,-169.3010163,342.608
103.6955538,29.61918335,-168.4528966,346.0148
103.7321976,29.61566429,-164.2016143,326.8369
103.7574118,29.59473908,-159.5277185,323.2908
103.7731004,29.57581381,-156.1097702,323.916
103.7708598,29.55018935,-154.8524776,322.5585
103.776918,29.52489635,-153.8105762,319.0609
103.7873168,29.50246707,-152.6477969,314.9125
103.7961369,29.47939666,-152.5679066,313.9967
103.8024207,29.45169903,-151.9335146,309.6217
103.8131236,29.42394316,-151.962108,308.364
103.8164588,29.39667776,-153.1364932,307.3308
103.8183387,29.368945,-155.3445795,306.4672
103.8389071,29.34293297,-157.6851874,316.2901
103.8659721,29.3267374,-158.5843855,301.9443
103.8683668,29.29382892,-160.9888563,302.3639
103.8605142,29.2597396,-162.9554302,297.6161
103.8947822,29.24797464,-161.3664314,293.3542
103.6359,30.9924,-211
103.6425,31.0142,-209.6
103.6835,31.0351,-206.3
103.7348,31.0184,-200.9
103.7845,31.0331,-195.1
103.8358,31.0553,-188
103.8542,31.0659,-183.8
103.8833,31.092,-182.9
103.9122,31.0904,-184.7
103.9638,31.0902,-181.9
103.9927,31.1189,-178.7
104.0222,31.1586,-178.2
104.0895,31.171,-174.6
104.1581,31.1754,-168.8
104.1394,31.1507,-168.8
104.1755,31.1311,-165.3
104.2143,31.1477,-164.2
104.261,31.1484,-158.6
104.2871,31.1418,-156.6
104.3161,31.1321,-153.4
104.3503,31.1302,-154.9
104.3787,31.1334,-151.7
104.4093,31.1326,-149.9
104.4319,31.1257,-150.4
104.4495,31.109,-146.2
104.4706,31.1054,-145.6
104.4857,31.1128,-147.5
104.4977,31.1252,-141.8
104.517,31.1303,-142.7
104.5404,31.119,-141.9
104.5572,31.1091,-139.7
104.5719,31.1081,-136.2
104.5835,31.0949,-142.1
104.599,31.0838,-139.9
104.6144,31.0734,-131.7
104.6319,31.0734,-130.6
104.6477,31.0629,-136.2
104.6518,31.039,-135.8
104.6657,31.0168,-133.7
104.6877,31.0106,-134
104.7052,30.9961,-133.2
104.7083,30.9757,-132.7
104.718,30.9562,-129.9
104.7282,30.9381,-129.3
104.7445,30.92,-128.6
104.7589,30.906,-126.9
104.7796,30.8446,-123.9
104.8162,30.8266,-124.5
104.8619,30.8253,-122.6
104.8967,30.7773,-118.9
104.9416,30.7479,-123.5
104.9659,30.7128,-120.8
105.0013,30.6753,-119.8
105.0522,30.6416,-119.4
105.0188,30.6167,-119.8
104.9734,30.6254,-120.9
104.934,30.6144,-118.2
104.9494,30.583,-117.9
104.9414,30.5484,-119.4
104.9326,30.5016,-115.8
104.9179,30.47,-115
104.899,30.4243,-115
104.9176,30.3794,-113.6
104.9424,30.3413,-114.6
104.9237,30.3021,-113.6
104.893,30.2818,-115.3
104.8513,30.2567,-113.8
104.8183,30.2221,-116.1
104.7705,30.2077,-114.1
104.7321,30.1718,-114.7
104.7046,30.1362,-112.1
104.6559,30.1073,-113.9
104.6047,30.0879,-115.9
104.5672,30.0659,-117.3
104.5184,30.0777,-119.8
104.4736,30.0653,-120.7
104.4504,30.0299,-118.9
104.398,29.9855,-116.7
104.3594,29.954,-117.2
104.3253,29.9312,-116.7
104.2793,29.939,-117.9
104.2399,29.9532,-119
104.1945,29.974,-120.7
104.1614,29.9934,-125.1
104.1474,30.0163,-124.4
104.1367,30.0142,-125.5
104.1213,30.0089,-122.9
104.0762,30.0055,-126.4
104.0531,30.0248,-133
103.9992,30.0155,-137
103.9877,30.0224,-140.8
103.9682,30.0292,-143
103.9522,30.0365,-143.5
103.9366,30.0425,-147.7
103.9253,30.0511,-148.5
103.9102,30.0559,-146
103.8986,30.0667,-151.2
103.8728,30.0769,-151.9
103.8609,30.0785,-153.7
103.8397,30.0783,-156.3
103.8214,30.078,-156.8
103.7959,30.082,-158.7
103.7769,30.0752,-159.5
103.7582,30.0714,-161.6
103.7302,30.0633,-163.8
103.7011,30.0581,-165.7
103.668,30.0553,-167.7
103.6449,30.0558,-167.5
103.6156,30.0524,-167.8
103.5997,30.0366,-168.8
103.5685,30.031,-171.9
103.5366,30.0268,-174.6
103.5054,30.0316,-176.8
103.4953,30.0489,-179.2
103.4916,30.0684,-177.6
103.4838,30.082,-182.4
103.4877,30.0968,-173.2
103.4953,30.1143,-174.7
103.4983,30.128,-171
103.495,30.1409,-174.8
103.4884,30.1554,-177.3
103.5008,30.1671,-174.4
103.5027,30.1875,-181.2
103.5181,30.1986,-177.3
103.5083,30.2122,-181.5
103.5098,30.2259,-183.7
103.5096,30.2434,-184.9
103.517,30.259,-186.5
103.5115,30.2737,-188.3
103.5098,30.2885,-189.5
103.5138,30.3064,-189.8
103.5057,30.3199,-193.6
103.5116,30.3354,-194
103.5017,30.359,-196.8
103.4926,30.3858,-197.4
103.4661,30.3942,-200.4
103.4646,30.4445,-205
103.4577,30.4719,-207.8
103.4262,30.5274,-211.8
103.454,30.5236,-210.6
103.4809,30.5287,-207.1
103.4957,30.5527,-207.5
103.5213,30.5657,-204.1
103.5413,30.58,-203.7
103.5443,30.6067,-204.3
103.5582,30.629,-200.3
103.5433,30.6552,-201
103.535,30.6819,-199.7
103.5261,30.7079,-202.2
103.5249,30.7311,-205
103.5457,30.7655,-207
103.5653,30.7852,-207.4
103.5878,30.8166,-206.2
103.5903,30.8537,-205.7
103.6044,30.8891,-205.9
103.6151,30.9226,-206.8
103.6158,30.9532,-206.8
103.6305,30.9706,-208.6
103.9083,30.8395,-178.7
103.9321,30.8438,-177.1
103.9506,30.8566,-176.7
103.9902,30.8715,-172.7
104.0262,30.8539,-169
104.0814,30.8422,-166.9
104.1003,30.8639,-164.9
104.1361,30.8993,-164.3
104.1786,30.8915,-159.5
104.2096,30.8868,-156.6
104.2385,30.8848,-156.2
104.2737,30.8843,-153.7
104.3125,30.8628,-148.5
104.3385,30.8644,-147
104.3572,30.8604,-146.1
104.3714,30.8664,-146.2
104.3882,30.8694,-144.5
104.4029,30.8641,-141.7
104.4294,30.8579,-139.4
104.4465,30.8597,-139
104.4588,30.8587,-137.8
104.4739,30.87,-130.2
104.4841,30.8858,-129.2
104.5031,30.8909,-124.9
104.5053,30.8881,-132.6
104.5222,30.8846,-133.9
104.5414,30.8765,-135.9
104.5622,30.8677,-130.1
104.5895,30.8709,-128.3
104.6078,30.8789,-131
104.6293,30.882,-130.6
104.6668,30.8806,-129.2
104.6848,30.8882,-129.4
104.7056,30.8859,-129
104.7324,30.8858,-128.3
104.7551,30.8914,-126.7
104.7791,30.8846,-124.8
104.6156,30.1586,-117.9
104.602,30.1876,-118.4
104.6041,30.2242,-119.3
104.6125,30.2573,-120.6
104.5942,30.2847,-124.5
104.5832,30.3196,-125.6
104.5676,30.353,-125
104.5271,30.3708,-127.1
104.4996,30.3566,-128.2
104.459,30.336,-128.3
104.4134,30.328,-129.1
104.4128,30.3553,-130.2
104.421,30.3939,-130.6
104.4046,30.4294,-132.1
104.3702,30.4368,-133.8
104.3506,30.4479,-135.9
104.3527,30.4664,-135
104.3424,30.4831,-132.9
104.3486,30.4975,-135.1
104.3468,30.5102,-132.8
104.3413,30.521,-128
104.3291,30.5304,-133.4
104.3367,30.5391,-135.7
104.3291,30.5408,-131
104.314,30.5419,-136.5
104.3021,30.5549,-139.8
104.2832,30.5564,-139.4
104.2423,30.5676,-146.8
104.2198,30.5758,-148.1
104.1914,30.5841,-148.6
104.1736,30.596,-149.2
104.1542,30.6076,-151.3
104.1341,30.6178,-151.1
104.12,30.6271,-152.9
104.108,30.6399,-154.7
104.0645,30.6595,-159.4
104.0441,30.6825,-163
104.0305,30.7001,-164.7
104.0106,30.7205,-167.1
103.9836,30.7435,-169.6
103.9544,30.7707,-172.8
103.9257,30.7929,-175.1
103.9108,30.81,-177.6
103.8932,30.8182,-179.1
103.868,30.834,-182.7
103.8136,30.8614,-188.7
103.7628,30.9004,-195.6
103.6986,30.935,-201
103.6458,30.9723,-207.3
104.1455,30.0336,-124.6
104.1419,30.0423,-125.7
104.1471,30.0614,-127.1
104.148,30.0779,-126.6
104.1575,30.095,-128.1
104.1584,30.107,-128.5
104.1624,30.1209,-130.2
104.1692,30.1392,-128.8
104.176,30.1607,-128.7
104.1606,30.1733,-128.8
104.1492,30.189,-125.7
104.1357,30.2015,-127.4
104.1233,30.2101,-121.2
104.0999,30.2255,-132.2
104.0768,30.2383,-140.9
104.0651,30.2526,-143.5
104.051,30.2669,-144.4
104.0476,30.285,-143.5
104.0348,30.3001,-150.7
104.0286,30.3176,-147.9
104.0358,30.3335,-149.8
104.0344,30.3548,-148.8
104.0451,30.3759,-152
104.0599,30.3932,-149.1
104.0559,30.4123,-146.8
104.0524,30.4308,-148.8
104.0433,30.4526,-149
104.0241,30.4505,-152.2
104.0011,30.4575,-155.3
103.9884,30.4509,-152.7
103.9883,30.429,-156.3
103.9767,30.4095,-153.1
103.9635,30.3874,-156.7
103.9416,30.3879,-155.4
103.9186,30.3915,-155.5
103.891,30.3841,-158.9
103.8653,30.3845,-158.6
103.8531,30.4049,-162.2
103.8323,30.4083,-161.2
103.8303,30.4165,-163.1
103.7963,30.4176,-166
103.7808,30.4132,-166.4
103.7674,30.4018,-168
103.7449,30.3965,-170.3
103.7289,30.3976,-171.4
103.7118,30.4023,-174.2
103.6885,30.4048,-176.2
103.6675,30.4036,-178.7
103.6443,30.4033,-180.5
103.6223,30.4029,-181.8
103.6041,30.4006,-184.5
103.5869,30.3931,-185.8
103.566,30.3962,-188.6
103.5479,30.4037,-191.5
103.5251,30.4045,-194.3
103.5046,30.4082,-196.9
103.4849,30.4069,-199.6
103.4764,30.4169,-201.7
103.9770437,29.20468905,-157.612
103.9792082,29.18362565,-159.041
103.9889532,29.16310541,-160.169
103.992314,29.14454105,-160.457
104.0213221,29.12827911,-160.108
104.0472578,29.12318828,-158.42
104.0614856,29.09974693,-157.532
104.0749323,29.08367123,-156.323
104.0972867,29.07548876,-156.094
104.1211073,29.07770077,-154.809
104.1429272,29.06919554,-156.094
104.1624327,29.05244333,-157.387
104.1868715,29.03967748,-158.666
104.2079767,29.03493112,-159.192
104.230414,29.02327804,-160.688
104.2558762,29.01422966,-160.729
104.280477,28.99647788,-160.894
104.2948769,28.97949566,-160.166
104.3037653,28.9564273,-159.87
104.307784,28.93996369,-159.261
104.3077716,28.92759772,-159.135
104.3207664,28.90242039,-157.354
104.3331591,28.889039,-157.684
104.3395304,28.86459605,-156.675
104.3590072,28.85017077,-156.564
104.363528,28.82909641,-157.992
104.3789604,28.81038668,-158.683
104.3920828,28.79934062,-159.558
104.4128429,28.78505429,-162.021
104.4341753,28.7674133,-162.624
104.4514595,28.7474005,-163.921
104.4703071,28.73265097,-162.675
104.4866536,28.71552897,-162.959
104.5060334,28.70541143,-164.584
104.5159827,28.70131242,-163.606
104.5313291,28.69119588,-164.127
104.5677598,28.70038955,-160.757
104.5872593,28.68656748,-159.637
104.601598,28.67349134,-159.7
104.6314245,28.66773385,-157.762
104.6623273,28.65968013,-156.087
104.6787588,28.65404059,-157.012
104.7034219,28.63325075,-154.63
104.7219091,28.62159879,-154.693
104.7328799,28.60350976,-155.53
104.7447421,28.58043347,-155.236
104.7514858,28.56347636,-155.152
104.7512905,28.55200626,-155.501
104.758169,28.53307481,-155.528
104.7560719,28.51919596,-156.022
104.7705378,28.49950415,-156.194
104.7926809,28.49584811,-154.827
104.8066356,28.4900844,-154.068
104.8227578,28.48237984,-153.829
104.8443164,28.4812926,-153.077
104.8655791,28.4712336,-152.984
104.8674786,28.45764682,-153.613
104.8894431,28.44977897,-153.477
104.908086,28.44220154,-152.05
104.9261621,28.44121609,-151.55
104.9485714,28.44076945,-150.511
104.9719828,28.4408745,-149.267
104.9939708,28.44655926,-149.913
105.012547,28.44427166,-147.812
105.0310724,28.43998723,-146.894
105.0459145,28.43427317,-145.19
105.0625994,28.425701,-143.858
105.0892321,28.42057025,-143.18
105.1078746,28.41655056,-141.772
105.1319054,28.41181645,-140.915
105.143265,28.39732406,-141.103
105.1514905,28.37609893,-140.86
105.1575905,28.35564521,-140.292
105.1750705,28.34372678,-141.231
105.1931022,28.32958631,-140.949
105.2213385,28.31163108,-142.29
105.2337332,28.30230051,-142.566
105.2480829,28.29308369,-143.473
105.2634741,28.28097268,-143.735
105.2866746,28.27422311,-144.917
105.3093028,28.26823164,-145.861
105.3370952,28.2627628,-144.72
105.3520333,28.25564645,-143.796
105.3827263,28.25480989,-140.135
105.3958978,28.24509628,-140.003
105.4103129,28.22532519,-140.795
105.420525,28.21096845,-141.45
105.4238796,28.19571326,-142.867
105.4247096,28.17959527,-142.661
105.4441408,28.15485333,-142.458
105.4621228,28.15156153,-143.388
105.4795045,28.1327715,-142.344
105.4974353,28.11858122,-139.327
105.5097369,28.09901838,-138.708
105.5323256,28.08136212,-139.375
105.5526522,28.05867296,-137.429
105.5545034,28.04048882,-137.57
105.556147,28.01680871,-139.987
105.5568171,27.98729505,-140.818
105.5806459,27.96911279,-141.41
105.5941753,27.94489165,-140.237
105.6052659,27.92486701,-141.262
105.6276124,27.91338246,-140.483
105.6644911,27.91026496,-142.038
105.6879786,27.89450008,-143.368
105.7068115,27.87276663,-146.065
105.7289003,27.85631008,-148.773
105.7483744,27.83366657,-153.39
105.7573573,27.80914586,-159.511
105.7692815,27.79501202,-167.438
105.7858486,27.77523614,-167.237
105.7962902,27.75593948,-165.263
98.20865262,34.91622266,-474.59180000005,4227.238
98.25663745,34.87298642,-475.52550000002,4190.069
98.32480264,34.838567,-476.62730000006,4176.294
98.37650166,34.83056285,-476.8775,4178.044
98.43942631,34.84310129,-477.75540000007,4189.623
98.45694355,34.86565562,-477.89470000003,4192.267
98.4748035,34.87711184,-478.97429999999,4200.623
98.50433564,34.90429044,-477.23659999994,4200.111
98.52949489,34.93440813,-487.34530000006,4221.567
98.5467789,34.95218548,-488.70609999997,4239.104
98.56854903,34.97571169,-485.95359999994,4254.09
98.58954274,34.99924841,-479.06010000007,4277.722
98.61949826,35.01867348,-474.46789999997,4310.434
98.64556031,35.04494069,-472.65069999994,4367.238
98.68123916,35.05738308,-471.95540000002,4483.919
98.73545075,35.06681375,-473.8147,4371.251
98.76745344,35.08862162,-473.36059999997,4306.312
98.80366751,35.10345487,-477.42229999999,4248.551
98.86546917,35.11501595,-481.089,4192.864
98.88876945,35.12814107,-480.04019999998,4187.454
98.92599234,35.15388553,-486.79190000005,4169.863
98.94735031,35.17033317,-483.91239999999,4160.298
98.9698765,35.19497962,-475.56859999997,4170.981
98.968602,35.23214435,-468.61829999995,4216.868
98.98963532,35.2634032,-463.07840000001,4221.901
99.00357775,35.2776763,-460.39429999993,4186.076
99.02475907,35.30631603,-458.77149999996,4141.401
99.06048331,35.32854966,-460.08009999997,4102.211
99.10371683,35.34750194,-459.08840000005,4130.607
99.14420934,35.357854,-460.05470000003,4142.06
99.2226852,35.35613634,-459.19640000004,4123.243
99.26093152,35.37069301,-461.75960000003,4195.232
99.30234068,35.38517703,-462.32780000005,4348.373
99.33931893,35.40253765,-463.08789999995,4146.2
99.36237171,35.42407537,-465.91979999996,4028.032
99.40222841,35.41470857,-466.74199999999,3907.184
99.45465228,35.40449839,-471.37280000003,3902.683
99.47075337,35.42527271,-472.78319999998,3963.661
99.48267701,35.45197879,-472.10619999999,4074.7
99.50226065,35.48542214,-470.3584,4296.27
99.50817541,35.50766774,-467.4704999999,4413.27
99.51198563,35.55248245,-470.43600000007,4147.547
99.52612649,35.58412227,-472.70629999997,4027.233
99.52848447,35.59958207,-473.53439999992,4031.729
99.54343474,35.63966171,-473.85129999994,3880.284
99.5403533,35.67551101,-474.94229999992,3846.114
99.55228209,35.70853007,-470.47950000003,3797.071
99.55422275,35.76707727,-469.07549999998,3713.136
99.57633689,35.7897949,-456.83249999996,3679.435
99.60685831,35.80214246,-453.24909999996,3671.157
99.62821168,35.80637065,-449.32260000001,3658.483
99.65655158,35.83437637,-444.3304,3708.084
99.6669782,35.85665795,-444.0564,3748.602
99.68521147,35.87561109,-441.68100000002,3741.409
99.69393642,35.881825,-440.21450000001,3763.595
99.71823963,35.89969873,-430.22609999998,3791.56
99.64273737,36.10533309,-435.64890000009,3653.958
99.655412,36.12273812,-435.22080000007,3511.664
99.66194922,36.13278855,-435.10880000008,3456.804
99.67376114,36.143411,-435.22720000003,3407.401
99.69791347,36.15217795,-433.4203,3343.642
99.70928639,36.16286115,-432.81100000001,3303.641
99.71712969,36.17993358,-433.88539999999,3263.901
99.72985247,36.19353012,-436.93909999997,3228.372
99.74311048,36.20534961,-443.82399999998,3199.601
99.75951388,36.21391416,-449.62209999999,3153.173
99.76544109,36.23461671,-457.24590000008,3114.059
99.78017415,36.25099656,-465.99699999992,3070.769
99.69912235,36.30542312,-472.15109999997,3034.259
99.71244513,36.3162713,-475.03919999998,3014.17
99.74336743,36.32069957,-476.31670000002,3005.372
99.78007635,36.32356966,-476.30099999996,2980.277
99.81856506,36.31881015,-474.6711,2951.103
99.83800509,36.32841681,-473.7979,2935.126
99.67730777,36.31630692,-469.09069999998,3029.051
99.85902757,36.35111604,-471.18820000009,2899.932
99.88387962,36.35538527,-469.925,2893.976
99.91404461,36.3557878,-468.06849999999,2888.51
99.95029113,36.35448002,-465.67229999998,2882.038
99.98887481,36.35801715,-463.69740000001,2944.03
100.0072131,36.36337699,-461.62160000001,2948.475
100.00013529,36.38735112,-453.64859999996,2997.01
99.96409261,36.42083307,-430.32950000003,3066.329
99.95319979,36.43655513,-420.40650000002,3118.936
100.06578795,36.41280497,-428.51669999999,3129.63
100.0705176,36.42574494,-417.66499999998,3192.898
100.07368786,36.44256707,-408.79500000001,3292.902
100.08027068,36.46436499,-403.67530000007,3468.428
100.07522712,36.47883398,-398.6275,3611.451
100.03853965,36.5195038,-377.75909999998,3633.764
100.0106045,36.55707093,-378.6418,3409.626
100.01326795,36.57283261,-379.83769999996,3357.224
100.02312327,36.5983199,-374.98360000007,3278.119
99.77786555,36.72915273,-376.07310000002,3162.423
99.80959471,36.70558904,-375.94340000007,3168.163
99.83050965,36.70386718,-376.93879999992,3182.18
99.87046196,36.70037719,-383.33009999998,3204.546
99.77333215,36.74579022,-381.89360000002,3182.561
99.77006252,36.7692952,-388.10600000005,3166.647
99.76821152,36.78338809,-393.64639999993,3179.399
99.76040408,36.81559012,-395.66939999995,3182.874
99.68140264,36.86396091,-401.55509999997,3170.866
99.63428099,36.89410772,-403.50159999998,3169.066
99.59480892,36.92359016,-404.34260000002,3164.77
99.60287804,36.95358467,-401.13270000007,3203.892
99.60037056,36.99177211,-404.94910000003,3160.491
99.59695095,36.99407303,-403.25820000002,3163.456
99.61882085,36.99677023,-405.41320000001,3161.492
99.63331925,37.00109303,-403.78899999999,3161.165
99.65809149,37.01132382,-398.14110000003,3162.941
99.67860675,37.02356739,-403.0511,3158.974
99.71437344,37.02350195,-404.34890000002,3157.48
99.74349695,37.03685196,-406.84280000001,3171.282
99.76265277,37.03521453,-402.04330000008,3164.689
99.78511508,37.04053883,-395.57990000002,3162.77
99.79695824,37.05157381,-392.28969999999,3158.27
99.7757616,37.08586385,-399.07549999995,3160.794
99.75608447,37.10642197,-403.16250000001,3164.044
99.74964772,37.1290462,-405.7912,3155.72
99.75222433,37.15248296,-405.41070000003,3155.416
99.75546318,37.16271677,-406.37160000008,3155.097
99.76437863,37.18274236,-406.5538,3155.128
99.76624813,37.19426163,-407.94669999994,3159.704
99.80238482,37.20229286,-403.90309999999,3164.822
99.82686162,37.21293098,-402.53740000001,3182.522
99.83556562,37.22890764,-406.17789999995,3181.242
99.83726355,37.24298751,-406.72229999996,3182.065
99.8520346,37.25709895,-408.24520000004,3173.386
99.87616877,37.26772262,-408.27749999999,3191.796
99.91503348,37.27318208,-406.93269999996,3194.855
99.95023564,37.26317489,-406.62529999994,3175.954
99.98464404,37.2576853,-405.72359999998,3177.234
100.02879636,37.26927267,-404.78909999991,3193.036
100.04989063,37.27697852,-402.76939999999,3195.217
100.06379801,37.28222326,-402.2443,3204.804
100.0764705,37.29231187,-403.04869999994,3217.141
100.10387503,37.31302372,-403.61040000001,3235.05
100.12069688,37.32618774,-400.23309999994,3246.148
100.12997384,37.33243711,-400.14089999995,3262.285
100.23124448,37.28428022,-409.15970000001,3208.34
100.27881419,37.27488095,-412.37370000005,3194.444
100.42478906,37.21725691,-413.69709999995,3219.185
100.44299081,37.2333923,-404.00580000001,3232.549
100.4600733,37.24781959,-400.62459999995,3242.035
100.47064065,37.26566125,-400.89169999995,3251.844
100.48405289,37.27844463,-401.5892,3265.66
100.49023787,37.29223663,-400.08149999992,3278.671
100.49000846,37.31501368,-398.0722,3293.862
100.50382334,37.32608399,-395.86849999998,3297.598
100.51135419,37.34159657,-395.46080000008,3347.906
100.51107899,37.35947309,-397.46120000006,3384.462
100.50625327,37.37422428,-397.50630000005,3396.186
100.50955745,37.3931566,-397.52809999997,3427.208
100.50903583,37.41282326,-398.3906,3456.604
100.4832985,37.44828988,-398.50909999999,3434.626
100.47817631,37.4596887,-400.99650000001,3443.36
100.47591223,37.48254674,-405.9264999999,3496.658
100.48116968,37.49888657,-403.4714000001,3537.319
100.47096708,37.52529301,-400.09250000006,3556.531
100.43106003,37.56466505,-393.40009999995,3496.816
100.43055598,37.58613605,-390.29329999998,3532.623
100.42440702,37.60747657,-386.17979999998,3599.806
100.43456251,37.66076511,-389.09490000003,3731.274
100.41100492,37.66139921,-388.20410000004,3638.315
100.39573325,37.64360035,-383.96299999995,3562.893
100.50250368,37.65157378,-387.07140000008,3628.19
100.51934183,37.65764611,-387.41180000009,3585.413
100.53912508,37.66829388,-386.02189999995,3506.184
100.56176343,37.67855537,-385.14869999996,3445.706
100.56949097,37.68751233,-384.21390000003,3407.873
100.56983909,37.70325588,-382.4253999999,3373.6
100.57244307,37.71568573,-382.22280000004,3382.997
100.58950318,37.73520621,-382.53410000001,3425.618
100.59845587,37.75115087,-380.53770000003,3461.03
100.52231847,37.75046723,-378.92320000003,3403.355
100.61199473,37.76296465,-378.88370000004,3499.815
100.62865771,37.77676267,-375.60279999994,3540.369
100.64229123,37.79019936,-368.51240000006,3589.291
100.68738205,37.78912636,-366.76290000004,3769.625
100.70992625,37.79436542,-366.73599999998,3759.105
100.71032601,37.81250436,-366.7882,3652.16
100.72514228,37.82480659,-366.42399999997,3595.765
100.75492595,37.83215892,-365.0813,3519.089
100.75928226,37.84233217,-359.61629999999,3497.929
100.7741671,37.85976552,-360.4956,3456.797
100.75565824,37.88730982,-365.52069999999,3351.867
100.72573142,37.91976812,-369.66909999994,3297.431
100.70508633,37.94903851,-370.73020000005,3210.271
100.69659877,37.97356939,-368.37069999999,3157.104
100.67975811,37.99855057,-366.92359999998,3118.159
100.69106637,38.01509599,-358.54089999997,3128.225
100.63828718,38.03445986,-355.64020000003,3133.611
100.64519698,38.05426442,-350.59390000002,3253.726
100.64327128,38.07474936,-348.60510000003,3398.366
100.65237941,38.09031791,-348.96910000001,3893.936
100.64390123,38.1101664,-349.17890000002,3520.15
100.66764508,38.11549247,-348.00709999994,3368.026
100.69680094,38.1292477,-339.57639999996,3247.56
100.70015348,38.13945046,-341.1143,3194.882
100.71040919,38.15196038,-342.56060000002,3127.522
100.72929077,38.15944926,-344.87440000001,3037.942
100.74173539,38.17476415,-343.43260000003,2941.31
100.72992772,38.20395665,-341.3852999999,2844.336
100.73782774,38.21066388,-343.66960000002,2804.046
100.74871773,38.22980757,-342.72860000002,2783.52
100.75796373,38.2434222,-343.35259999999,2736.263
100.77073008,38.25743843,-342.14610000008,2666.923
100.77553693,38.27815453,-341.05500000003,2767.523
100.76015904,38.29397756,-342.41460000006,2760.704
100.76088852,38.31116127,-345.55330000009,2865.781
100.78557183,38.3265299,-351.18570000001,2664.764
100.80600725,38.32945466,-354.08919999995,2549.857
100.81518886,38.34037681,-356.02470000008,2450.113
100.82148525,38.35890383,-357.08449999997,2367.862
100.82073115,38.37849842,-358.83639999997,2354.022
100.81533347,38.39529794,-357.35349999996,2326.196
100.81023374,38.41438574,-354.80430000003,2291.418
100.81765729,38.44083305,-350.5943,2236.742
100.82210343,38.44179627,-350.41519999999,2238.143
100.82990893,38.44423636,-349.5673,2231.835
100.85142561,38.45519896,-345.76779999998,2212.564
100.86443351,38.4607459,-343.23600000005,2213.645
100.89559674,38.46702461,-337.50630000006,2208.785
100.89585602,38.48423464,-336.05679999996,2173.871
100.88751925,38.51293421,-334.65930000006,2111.62
100.88196153,38.53054989,-331.63639999997,2071.151
100.87354089,38.55533996,-328.5678,2016.116
100.8704211,38.57025749,-326.69439999999,1982.413
100.86976214,38.58390843,-323.98620000002,1953.619
100.86600483,38.61075836,-322.23970000008,1897.399
100.86154429,38.63806615,-318.75829999994,1850.684
100.87497309,38.64229274,-315.352,1853.211
100.90021416,38.65043798,-309.74229999996,1850.139
100.92834505,38.66453844,-304.70149999999,1856.321
100.94347736,38.67568921,-300.84610000002,1822.431
100.95260167,38.69198172,-301.50289999995,1792.039
100.96261929,38.70090978,-301.85399999999,1780.041
100.98503597,38.71092879,-301.95070000009,1789.6
101.00430038,38.71806625,-301.74960000002,1787.171
101.02113792,38.72489444,-301.08189999997,1780.617
101.03839339,38.7398096,-300.3909,1770.3
101.05225472,38.75060551,-304.36399999995,1732.048
101.06587681,38.76026699,-301.26649999997,1719.847
101.07140469,38.77849834,-296.9466,1694.654
101.08541576,38.79312264,-292.45009999999,1716.501
101.07053798,38.81076118,-290.72839999992,1716.794
101.05531401,38.82499707,-290.4759999999,1722.458
101.07287033,38.83411081,-286.19020000005,1792.351
101.09016416,38.84275834,-275.3533,1884.257
101.1035919,38.85750312,-266.24559999995,1990.954
101.09333687,38.87746474,-260.23980000002,2158.094
101.09984556,38.89518989,-257.403,2044.098
101.12131702,38.90463114,-256.49840000007,1972.481
101.13265617,38.91654063,-257.5161,1935.862
101.14145015,38.93598815,-258.7012,1897.85
101.15102304,38.94945135,-257.15470000009,1871.01
101.16742507,38.95817873,-244.95770000001,1842.249
101.17070128,38.97403724,-246.39219999998,1804.751
101.17392419,38.99124522,-248.9442,1772.139
101.19121552,39.00223175,-247.37360000005,1738.758
101.2185628,39.01433888,-242.8148,1710.8
101.23320114,39.02625488,-246.08829999991,1689.133
101.25346356,39.03504651,-249.31629999989,1652.846
101.27595219,39.04557523,-249.55129999997,1622.222
101.29651462,39.05534672,-250.44919999999,1594.171
101.31505571,39.06709978,-254.38380000006,1561.277
101.33141535,39.07905374,-256.71109999989,1534.39
101.34522989,39.09118129,-257.86819999999,1508.847
101.35996109,39.10398957,-258.10260000006,1484.04
101.3723388,39.1147616,-259.03419999994,1465.797
101.38771097,39.12809843,-260.59620000003,1446.288
101.40299771,39.1414617,-261.42050000004,1427.956
101.41546937,39.15067051,-260.19310000001,1418.525
101.44415517,39.15949816,-259.09960000007,1407.745
101.46600566,39.1699843,-254.86600000003,1393.513
101.4817645,39.18219878,-251.39169999996,1385.714
101.50824526,39.19139668,-250.50010000004,1374.476
101.53950424,39.19583281,-252.98900000003,1365.303
101.56326157,39.20127674,-253.15259999995,1366.402
101.58850741,39.20604121,-252.28010000002,1373.421
101.61677938,39.20649061,-250.1936999999,1395.131
101.67804931,39.20804456,-245.68310000002,1460.84
101.64398418,39.20744519,-247.85639999996,1421.333
101.67408425,39.21466188,-245.2515,1458.286
101.69001111,39.22754743,-244.20019999998,1487.281
101.70544185,39.23892748,-241.58119999996,1512.729
101.7229567,39.24851092,-238.85689999994,1533.537
101.74090909,39.2582826,-237.98049999995,1549.352
101.75970557,39.26856564,-237.25539999992,1558.931
101.78226555,39.27763017,-230.57749999998,1566.129
101.81600338,39.28203786,-225.58369999994,1598.716
101.84081629,39.28789548,-222.66119999998,1602.462
101.86558526,39.29610313,-220.10119999999,1571.574
101.88800954,39.30521925,-218.35699999998,1549.661
101.91158065,39.31127023,-215.94219999994,1534.188
101.93902386,39.31702348,-216.34270000001,1532.956
101.95768336,39.32735852,-216.10669999995,1515.324
101.97877505,39.3382273,-217.86159999994,1512.942
102.00392313,39.34544553,-220.73179999996,1504.516
102.03595705,39.34959933,-220.20970000001,1514.782
102.0720526,39.35277504,-220.90110000002,1516.675
102.10298002,39.35542512,-222.3652,1513.055
102.13996483,39.35817886,-224.7350000001,1517.607
102.18542432,39.36045425,-225.79680000009,1537.146
102.21906442,39.37124675,-227.81780000005,1528.955
102.258749,39.39087642,-226.70570000009,1499.447
102.31755325,39.39830739,-229.15370000003,1481.345
102.39192237,39.41221169,-225.20440000002,1373.464
102.45392123,39.41463327,-223.6635,1318.354
102.52993288,39.40461869,-224.34799999999,1286.308
102.60495407,39.40359096,-227.60600000007,1246.461
102.66198292,39.40194346,-226.75940000003,1226.435
102.73409802,39.42171226,-230.07459999995,1222.629
102.73192622,39.46823309,-214.32389999995,1299.154
102.73699709,39.51387337,-206.52340000005,1371.368
102.73859457,39.55190169,-205.33859999993,1428.861
102.74145329,39.58921874,-203.5601,1494.021
102.75896531,39.62155276,-201.81050000004,1541.75
102.78322389,39.6494193,-200.76079999994,1553.796
102.812639,39.6759963,-197.6319,1573.264
102.84036461,39.69540764,-198.54639999996,1601.714
102.8602838,39.72224507,-193.34159999998,1630.536
102.90560513,39.74317523,-188.38920000001,1653.16
103.13941147,39.68467227,-219.87519999992,1208.873
103.1798976,39.72121616,-222.89700000007,1197.118
103.22871376,39.73440167,-224.04079999994,1222.755
103.2919361,39.74594162,-220.41869999995,1235.24
103.3395812,39.7620017,-217.58560000006,1265.186
103.39544844,39.77305224,-216.99820000004,1264.519
103.44802822,39.79026366,-213.65919999997,1301.35
103.5037734,39.81335143,-208.14499999996,1333.661
103.54813389,39.83350337,-205.28189999999,1373.439
103.60461037,39.86260043,-205.89009999993,1427.217
103.6528446,39.88971401,-209.97989999994,1484.39
103.70114231,39.912654,-206.75950000003,1489.944
103.74107452,39.94871765,-200.30709999995,1477.993
103.7865344,39.98007158,-192.23850000007,1428.792
103.83427076,40.0036305,-195.05769999996,1387.321
103.88290432,40.02872951,-189.36090000007,1341.731
103.92003838,40.06623176,-195.83019999993,1409.949
103.95896989,40.1020946,-198.94829999998,1350.466
103.98110403,40.14454156,-203.17869999996,1393.548
104.03425169,40.17063467,-210.81040000001,1375.729
104.09125783,40.19214526,-211.30349999998,1372.539
104.14213049,40.20796295,-207.08580000006,1388.384
104.20799479,40.21717282,-199.48479999996,1400.107
104.2604887,40.23008347,-197.50749999997,1417.753
104.31754372,40.24691711,-196.79379999994,1439.387
104.37542562,40.25145645,-191.09489999997,1434.58
104.43514274,40.25919038,-191.76439999991,1402.745
104.49300263,40.26498894,-190.0477,1354.031
104.56054829,40.23496154,-191.44350000008,1326.683
104.6254497,40.19591853,-192.63800000001,1321.89
104.70629738,40.16981112,-200.33519999995,1294.499
104.78227205,40.16024856,-184.7782,1293.206
104.80780237,40.18800181,-182.95630000003,1286.259
104.77623374,40.23684228,-187.26410000003,1273.509
104.75764255,40.29662244,-179.67840000006,1257.286
104.74327296,40.34940431,-182.19710000005,1235.977
104.72255867,40.40027657,-190.256,1231.33
104.70312371,40.45176089,-196.59420000002,1212.416
104.66345243,40.49682544,-198.10999999997,1242.813
104.6146621,40.53675296,-201.34880000005,1272.373
104.57565345,40.58047783,-199.17030000009,1242.838
104.55923408,40.63016186,-197.12599999997,1235.826
