97.5 32.25 64.2173
97.803 32.25 63.7735
98.1061 32.25 62.9496
98.4091 32.25 62.5605
98.7121 32.25 62.0262
99.0152 32.25 61.4859
99.3182 32.25 60.5366
99.6212 32.25 59.6811
99.9242 32.25 58.8358
100.227 32.25 58.4554
100.53 32.25 57.6716
100.833 32.25 57.2371
101.136 32.25 55.3804
101.439 32.25 53.2697
101.742 32.25 50.5657
102.045 32.25 49.1961
102.348 32.25 46.5651
102.652 32.25 45.0835
102.955 32.25 43.1388
103.258 32.25 42.4465
103.561 32.25 40.1301
103.864 32.25 40.048
104.167 32.25 39.0687
104.47 32.25 39.6477
104.773 32.25 40.3885
105.076 32.25 40.7959
105.379 32.25 43.4334
105.682 32.25 45.3911
105.985 32.25 47.2729
106.288 32.25 49.1349
106.591 32.25 50.2492
106.894 32.25 50.6788
107.197 32.25 50.9493
107.5 32.25 51.3281
97.5 31.9474 63.6174
97.803 31.9474 63.4127
98.1061 31.9474 62.8676
98.4091 31.9474 61.2045
98.7121 31.9474 61.0592
99.0152 31.9474 59.7204
99.3182 31.9474 59.2316
99.6212 31.9474 58.4304
99.9242 31.9474 57.5889
100.227 31.9474 57.6215
100.53 31.9474 58.0424
100.833 31.9474 57.9325
101.136 31.9474 56.2404
101.439 31.9474 53.6031
101.742 31.9474 50.9201
102.045 31.9474 51.157
102.348 31.9474 48.5948
102.652 31.9474 47.2984
102.955 31.9474 42.4587
103.258 31.9474 43.1143
103.561 31.9474 42.0973
103.864 31.9474 40.5349
104.167 31.9474 39.6576
104.47 31.9474 39.6237
104.773 31.9474 39.2446
105.076 31.9474 41.2347
105.379 31.9474 43.2203
105.682 31.9474 45.165
105.985 31.9474 47.1079
106.288 31.9474 48.2899
106.591 31.9474 49.2999
106.894 31.9474 50.1339
107.197 31.9474 50.6851
107.5 31.9474 50.7657
97.5 31.6447 62.5794
97.803 31.6447 62.6208
98.1061 31.6447 61.2112
98.4091 31.6447 61.3708
98.7121 31.6447 60.1927
99.0152 31.6447 60.2216
99.3182 31.6447 58.3215
99.6212 31.6447 56.8778
99.9242 31.6447 57.1669
100.227 31.6447 56.9415
100.53 31.6447 57.8565
100.833 31.6447 58.2867
101.136 31.6447 56.2373
101.439 31.6447 55.1529
101.742 31.6447 51.6336
102.045 31.6447 51.9972
102.348 31.6447 48.6085
102.652 31.6447 45.7738
102.955 31.6447 42.3679
103.258 31.6447 44.1601
103.561 31.6447 43.6296
103.864 31.6447 41.8871
104.167 31.6447 41.2789
104.47 31.6447 41.7142
104.773 31.6447 40.5099
105.076 31.6447 41.5852
105.379 31.6447 43.1232
105.682 31.6447 44.8801
105.985 31.6447 46.4535
106.288 31.6447 47.9247
106.591 31.6447 48.9003
106.894 31.6447 49.5202
107.197 31.6447 49.9015
107.5 31.6447 50.0129
97.5 31.3421 62.2714
97.803 31.3421 61.8792
98.1061 31.3421 61.1652
98.4091 31.3421 60.1394
98.7121 31.3421 59.975
99.0152 31.3421 59.1814
99.3182 31.3421 57.5463
99.6212 31.3421 56.4162
99.9242 31.3421 55.6605
100.227 31.3421 56.1742
100.53 31.3421 55.6772
100.833 31.3421 56.5073
101.136 31.3421 56.6808
101.439 31.3421 55.4086
101.742 31.3421 53.2911
102.045 31.3421 54.51
102.348 31.3421 53.7572
102.652 31.3421 49.7212
102.955 31.3421 43.2498
103.258 31.3421 41.3339
103.561 31.3421 42.2306
103.864 31.3421 42.3703
104.167 31.3421 42.9794
104.47 31.3421 42.7933
104.773 31.3421 41.3899
105.076 31.3421 42.5612
105.379 31.3421 43.3375
105.682 31.3421 44.4023
105.985 31.3421 45.9824
106.288 31.3421 47.1525
106.591 31.3421 47.8939
106.894 31.3421 48.4458
107.197 31.3421 49.237
107.5 31.3421 49.5347
97.5 31.0395 61.5017
97.803 31.0395 61.1183
98.1061 31.0395 61.5987
98.4091 31.0395 61.032
98.7121 31.0395 60.7157
99.0152 31.0395 58.9007
99.3182 31.0395 57.4281
99.6212 31.0395 56.1556
99.9242 31.0395 53.8952
100.227 31.0395 54.0599
100.53 31.0395 55.3837
100.833 31.0395 54.7812
101.136 31.0395 56.2869
101.439 31.0395 56.0326
101.742 31.0395 58.6344
102.045 31.0395 57.075
102.348 31.0395 57.6055
102.652 31.0395 47.7448
102.955 31.0395 40.979
103.258 31.0395 41.1875
103.561 31.0395 45.0455
103.864 31.0395 45.2143
104.167 31.0395 44.2066
104.47 31.0395 43.7494
104.773 31.0395 43.3071
105.076 31.0395 42.3655
105.379 31.0395 42.8078
105.682 31.0395 43.8211
105.985 31.0395 45.1114
106.288 31.0395 46.1619
106.591 31.0395 47.0844
106.894 31.0395 47.7796
107.197 31.0395 48.1098
107.5 31.0395 48.5612
97.5 30.7368 61.8077
97.803 30.7368 61.2262
98.1061 30.7368 60.7319
98.4091 30.7368 60.9779
98.7121 30.7368 59.8591
99.0152 30.7368 58.6151
99.3182 30.7368 56.8896
99.6212 30.7368 56.4856
99.9242 30.7368 54.8705
100.227 30.7368 55.4492
100.53 30.7368 55.2797
100.833 30.7368 55.6151
101.136 30.7368 55.2516
101.439 30.7368 56.2386
101.742 30.7368 59.2288
102.045 30.7368 60.1658
102.348 30.7368 57.8659
102.652 30.7368 48.6388
102.955 30.7368 41.0582
103.258 30.7368 43.5657
103.561 30.7368 46.2443
103.864 30.7368 45.2728
104.167 30.7368 44.0381
104.47 30.7368 43.5767
104.773 30.7368 45.3411
105.076 30.7368 42.4124
105.379 30.7368 42.4838
105.682 30.7368 43.2897
105.985 30.7368 44.3265
106.288 30.7368 45.1085
106.591 30.7368 45.962
106.894 30.7368 46.83
107.197 30.7368 47.2837
107.5 30.7368 47.7049
97.5 30.4342 60.2173
97.803 30.4342 60.6474
98.1061 30.4342 60.8092
98.4091 30.4342 60.8714
98.7121 30.4342 59.529
99.0152 30.4342 58.8076
99.3182 30.4342 57.616
99.6212 30.4342 56.4309
99.9242 30.4342 55.3315
100.227 30.4342 55.0429
100.53 30.4342 56.7661
100.833 30.4342 54.7395
101.136 30.4342 55.6826
101.439 30.4342 57.1509
101.742 30.4342 56.3976
102.045 30.4342 58.6687
102.348 30.4342 56.9465
102.652 30.4342 46.3564
102.955 30.4342 45.766
103.258 30.4342 47.6499
103.561 30.4342 49.0519
103.864 30.4342 47.101
104.167 30.4342 46.7428
104.47 30.4342 48.0155
104.773 30.4342 47.7541
105.076 30.4342 43.786
105.379 30.4342 42.938
105.682 30.4342 43.029
105.985 30.4342 43.4428
106.288 30.4342 44.1067
106.591 30.4342 44.981
106.894 30.4342 45.3364
107.197 30.4342 46.446
107.5 30.4342 46.8962
97.5 30.1316 60.4709
97.803 30.1316 60.3486
98.1061 30.1316 61.2425
98.4091 30.1316 61.3798
98.7121 30.1316 60.6198
99.0152 30.1316 60.6696
99.3182 30.1316 57.9744
99.6212 30.1316 55.3505
99.9242 30.1316 54.4123
100.227 30.1316 53.1628
100.53 30.1316 55.3183
100.833 30.1316 55.3639
101.136 30.1316 56.4267
101.439 30.1316 57.185
101.742 30.1316 53.774
102.045 30.1316 53.1467
102.348 30.1316 53.7703
102.652 30.1316 51.7538
102.955 30.1316 52.8014
103.258 30.1316 51.5221
103.561 30.1316 50.2425
103.864 30.1316 48.6145
104.167 30.1316 48.7781
104.47 30.1316 48.379
104.773 30.1316 45.8933
105.076 30.1316 42.515
105.379 30.1316 42.7577
105.682 30.1316 42.4837
105.985 30.1316 42.4419
106.288 30.1316 42.9721
106.591 30.1316 43.9011
106.894 30.1316 44.8833
107.197 30.1316 45.5933
107.5 30.1316 46.0371
97.5 29.8289 60.548
97.803 29.8289 61.2311
98.1061 29.8289 63.0082
98.4091 29.8289 62.2935
98.7121 29.8289 61.3401
99.0152 29.8289 61.1081
99.3182 29.8289 57.1068
99.6212 29.8289 55.7313
99.9242 29.8289 53.625
100.227 29.8289 52.732
100.53 29.8289 54.1371
100.833 29.8289 54.4674
101.136 29.8289 55.5887
101.439 29.8289 57.9252
101.742 29.8289 54.9252
102.045 29.8289 54.6366
102.348 29.8289 53.4967
102.652 29.8289 53.6235
102.955 29.8289 53.0998
103.258 29.8289 53.7991
103.561 29.8289 49.7654
103.864 29.8289 48.1304
104.167 29.8289 48.8696
104.47 29.8289 47.3212
104.773 29.8289 44.6699
105.076 29.8289 41.995
105.379 29.8289 42.8748
105.682 29.8289 41.6574
105.985 29.8289 41.3044
106.288 29.8289 41.5857
106.591 29.8289 42.9761
106.894 29.8289 44.366
107.197 29.8289 44.8675
107.5 29.8289 45.2925
97.5 29.5263 60.6951
97.803 29.5263 61.3191
98.1061 29.5263 61.9584
98.4091 29.5263 63.6441
98.7121 29.5263 61.6191
99.0152 29.5263 60.1173
99.3182 29.5263 57.6616
99.6212 29.5263 54.9035
99.9242 29.5263 53.0425
100.227 29.5263 52.3816
100.53 29.5263 53.5099
100.833 29.5263 54.1229
101.136 29.5263 56.1364
101.439 29.5263 58.3011
101.742 29.5263 57.4102
102.045 29.5263 55.5447
102.348 29.5263 56.0408
102.652 29.5263 55.0167
102.955 29.5263 52.1842
103.258 29.5263 53.8439
103.561 29.5263 49.1669
103.864 29.5263 47.456
104.167 29.5263 48.3255
104.47 29.5263 46.0917
104.773 29.5263 42.5266
105.076 29.5263 41.6632
105.379 29.5263 41.6787
105.682 29.5263 40.4926
105.985 29.5263 40.3581
106.288 29.5263 40.4842
106.591 29.5263 42.7486
106.894 29.5263 44.1908
107.197 29.5263 43.9965
107.5 29.5263 43.954
97.5 29.2237 59.4173
97.803 29.2237 60.7758
98.1061 29.2237 63.423
98.4091 29.2237 62.9002
98.7121 29.2237 61.0875
99.0152 29.2237 60.1487
99.3182 29.2237 58.0687
99.6212 29.2237 55.0197
99.9242 29.2237 52.9769
100.227 29.2237 51.1363
100.53 29.2237 53.0772
100.833 29.2237 55.0579
101.136 29.2237 54.4484
101.439 29.2237 58.581
101.742 29.2237 58.5319
102.045 29.2237 59.3477
102.348 29.2237 58.6231
102.652 29.2237 55.4757
102.955 29.2237 52.2417
103.258 29.2237 55.4542
103.561 29.2237 48.6504
103.864 29.2237 46.3191
104.167 29.2237 47.0358
104.47 29.2237 45.1639
104.773 29.2237 42.1408
105.076 29.2237 41.0775
105.379 29.2237 40.7974
105.682 29.2237 40.6177
105.985 29.2237 40.7707
106.288 29.2237 41.128
106.591 29.2237 43.8775
106.894 29.2237 44.1919
107.197 29.2237 43.2434
107.5 29.2237 41.9895
97.5 28.9211 58.8905
97.803 28.9211 59.8041
98.1061 28.9211 62.454
98.4091 28.9211 61.6093
98.7121 28.9211 61.2806
99.0152 28.9211 60.0471
99.3182 28.9211 58.2108
99.6212 28.9211 54.9744
99.9242 28.9211 49.8442
100.227 28.9211 50.1029
100.53 28.9211 52.1699
100.833 28.9211 55.6846
101.136 28.9211 55.2321
101.439 28.9211 57.6988
101.742 28.9211 58.8737
102.045 28.9211 57.9782
102.348 28.9211 58.3104
102.652 28.9211 57.7297
102.955 28.9211 51.267
103.258 28.9211 53.2403
103.561 28.9211 48.3889
103.864 28.9211 45.8927
104.167 28.9211 46.1287
104.47 28.9211 43.126
104.773 28.9211 41.017
105.076 28.9211 40.5895
105.379 28.9211 40.5973
105.682 28.9211 41.0591
105.985 28.9211 41.1388
106.288 28.9211 42.7256
106.591 28.9211 43.5237
106.894 28.9211 43.8023
107.197 28.9211 41.1085
107.5 28.9211 40.5846
97.5 28.6184 57.4731
97.803 28.6184 58.7866
98.1061 28.6184 59.6366
98.4091 28.6184 60.0998
98.7121 28.6184 60.3604
99.0152 28.6184 59.2199
99.3182 28.6184 58.2729
99.6212 28.6184 52.6539
99.9242 28.6184 49.9324
100.227 28.6184 50.2452
100.53 28.6184 53.8242
100.833 28.6184 54.7885
101.136 28.6184 54.4948
101.439 28.6184 56.4188
101.742 28.6184 60.2959
102.045 28.6184 58.7354
102.348 28.6184 57.3231
102.652 28.6184 58.3556
102.955 28.6184 52.8165
103.258 28.6184 51.5276
103.561 28.6184 50.0522
103.864 28.6184 46.3311
104.167 28.6184 44.9515
104.47 28.6184 41.0168
104.773 28.6184 39.8125
105.076 28.6184 40.2385
105.379 28.6184 41.1732
105.682 28.6184 43.0347
105.985 28.6184 43.0678
106.288 28.6184 43.6549
106.591 28.6184 43.1054
106.894 28.6184 42.4092
107.197 28.6184 40.5137
107.5 28.6184 39.809
97.5 28.3158 54.2664
97.803 28.3158 56.4153
98.1061 28.3158 58.6309
98.4091 28.3158 59.6071
98.7121 28.3158 57.2035
99.0152 28.3158 58.5552
99.3182 28.3158 57.5226
99.6212 28.3158 56.9579
99.9242 28.3158 55.3386
100.227 28.3158 54.0201
100.53 28.3158 53.3527
100.833 28.3158 55.6411
101.136 28.3158 54.9599
101.439 28.3158 55.8061
101.742 28.3158 59.5393
102.045 28.3158 57.9934
102.348 28.3158 57.1868
102.652 28.3158 56.6901
102.955 28.3158 55.1433
103.258 28.3158 51.936
103.561 28.3158 49.7623
103.864 28.3158 45.0062
104.167 28.3158 42.7189
104.47 28.3158 40.5655
104.773 28.3158 40.4098
105.076 28.3158 42.1104
105.379 28.3158 42.5986
105.682 28.3158 42.471
105.985 28.3158 42.8795
106.288 28.3158 42.7767
106.591 28.3158 41.6596
106.894 28.3158 40.1538
107.197 28.3158 40.4391
107.5 28.3158 39.8855
97.5 28.0132 54.186
97.803 28.0132 55.4
98.1061 28.0132 57.937
98.4091 28.0132 57.3624
98.7121 28.0132 59.0709
99.0152 28.0132 58.1633
99.3182 28.0132 58.8672
99.6212 28.0132 57.7847
99.9242 28.0132 53.1625
100.227 28.0132 56.7167
100.53 28.0132 56.6413
100.833 28.0132 55.7289
101.136 28.0132 55.9359
101.439 28.0132 56.09
101.742 28.0132 56.8781
102.045 28.0132 55.9288
102.348 28.0132 55.0126
102.652 28.0132 54.0163
102.955 28.0132 52.8519
103.258 28.0132 50.4511
103.561 28.0132 48.932
103.864 28.0132 45.1336
104.167 28.0132 43.823
104.47 28.0132 41.7339
104.773 28.0132 40.6163
105.076 28.0132 41.3332
105.379 28.0132 41.0569
105.682 28.0132 41.1147
105.985 28.0132 41.2834
106.288 28.0132 40.4924
106.591 28.0132 39.6179
106.894 28.0132 39.2294
107.197 28.0132 39.3728
107.5 28.0132 39.4306
97.5 27.7105 54.5947
97.803 27.7105 56.3329
98.1061 27.7105 58.3888
98.4091 27.7105 57.391
98.7121 27.7105 59.3809
99.0152 27.7105 58.0848
99.3182 27.7105 55.8761
99.6212 27.7105 55.9813
99.9242 27.7105 53.6181
100.227 27.7105 52.0296
100.53 27.7105 54.3748
100.833 27.7105 58.4082
101.136 27.7105 59.3988
101.439 27.7105 58.9196
101.742 27.7105 59.3536
102.045 27.7105 58.4974
102.348 27.7105 55.8538
102.652 27.7105 53.5742
102.955 27.7105 50.6894
103.258 27.7105 52.424
103.561 27.7105 46.1644
103.864 27.7105 44.4895
104.167 27.7105 43.5572
104.47 27.7105 42.8503
104.773 27.7105 39.9273
105.076 27.7105 40.1415
105.379 27.7105 39.142
105.682 27.7105 40.0919
105.985 27.7105 40.4419
106.288 27.7105 39.0529
106.591 27.7105 37.5967
106.894 27.7105 38.6747
107.197 27.7105 38.6274
107.5 27.7105 38.7514
97.5 27.4079 54.0422
97.803 27.4079 54.912
98.1061 27.4079 56.8554
98.4091 27.4079 56.8357
98.7121 27.4079 57.0381
99.0152 27.4079 57.0458
99.3182 27.4079 54.04
99.6212 27.4079 56.6092
99.9242 27.4079 51.2637
100.227 27.4079 51.0591
100.53 27.4079 53.6872
100.833 27.4079 57.4785
101.136 27.4079 58.1701
101.439 27.4079 56.0817
101.742 27.4079 57.3419
102.045 27.4079 56.253
102.348 27.4079 56.0346
102.652 27.4079 53.3695
102.955 27.4079 52.7597
103.258 27.4079 50.1655
103.561 27.4079 47.9258
103.864 27.4079 45.5323
104.167 27.4079 45.1843
104.47 27.4079 44.3392
104.773 27.4079 40.4746
105.076 27.4079 40.1796
105.379 27.4079 38.8731
105.682 27.4079 38.148
105.985 27.4079 38.3243
106.288 27.4079 39.0684
106.591 27.4079 38.4235
106.894 27.4079 38.2472
107.197 27.4079 38.481
107.5 27.4079 38.3517
97.5 27.1053 52.1701
97.803 27.1053 53.8646
98.1061 27.1053 54.0174
98.4091 27.1053 56.751
98.7121 27.1053 54.7807
99.0152 27.1053 53.1447
99.3182 27.1053 53.1335
99.6212 27.1053 52.982
99.9242 27.1053 51.0142
100.227 27.1053 49.1839
100.53 27.1053 50.2636
100.833 27.1053 54.0651
101.136 27.1053 55.3601
101.439 27.1053 55.6667
101.742 27.1053 56.3336
102.045 27.1053 53.6875
102.348 27.1053 54.4373
102.652 27.1053 52.8022
102.955 27.1053 51.5075
103.258 27.1053 50.4861
103.561 27.1053 46.7461
103.864 27.1053 49.0638
104.167 27.1053 45.7795
104.47 27.1053 44.2178
104.773 27.1053 42.291
105.076 27.1053 43.2446
105.379 27.1053 40.975
105.682 27.1053 36.0892
105.985 27.1053 36.7601
106.288 27.1053 38.7933
106.591 27.1053 38.1808
106.894 27.1053 37.6714
107.197 27.1053 37.7655
107.5 27.1053 37.2738
97.5 26.8026 50.1178
97.803 26.8026 51.7535
98.1061 26.8026 52.3946
98.4091 26.8026 53.7722
98.7121 26.8026 53.1565
99.0152 26.8026 50.5041
99.3182 26.8026 51.1728
99.6212 26.8026 50.2715
99.9242 26.8026 49.3019
100.227 26.8026 48.9425
100.53 26.8026 49.8674
100.833 26.8026 52.0257
101.136 26.8026 54.0373
101.439 26.8026 54.151
101.742 26.8026 53.0022
102.045 26.8026 51.4692
102.348 26.8026 50.4676
102.652 26.8026 49.6483
102.955 26.8026 51.6308
103.258 26.8026 48.8876
103.561 26.8026 45.2061
103.864 26.8026 45.0253
104.167 26.8026 44.4885
104.47 26.8026 42.6168
104.773 26.8026 42.1747
105.076 26.8026 42.1155
105.379 26.8026 35.7549
105.682 26.8026 33.1574
105.985 26.8026 33.3133
106.288 26.8026 35.599
106.591 26.8026 36.3509
106.894 26.8026 36.3317
107.197 26.8026 36.417
107.5 26.8026 36.1392
97.5 26.5 47.654
97.803 26.5 49.2368
98.1061 26.5 50.1761
98.4091 26.5 49.5107
98.7121 26.5 48.8334
99.0152 26.5 47.4671
99.3182 26.5 49.3149
99.6212 26.5 49.3553
99.9242 26.5 48.4552
100.227 26.5 48.4013
100.53 26.5 48.179
100.833 26.5 49.3925
101.136 26.5 52.8153
101.439 26.5 52.7453
101.742 26.5 51.051
102.045 26.5 47.4704
102.348 26.5 48.3359
102.652 26.5 47.4328
102.955 26.5 48.3513
103.258 26.5 45.6326
103.561 26.5 43.6467
103.864 26.5 43.5662
104.167 26.5 43.1187
104.47 26.5 40.1509
104.773 26.5 38.6645
105.076 26.5 38.4331
105.379 26.5 35.0277
105.682 26.5 34.135
105.985 26.5 32.6966
106.288 26.5 33.5728
106.591 26.5 34.8194
106.894 26.5 34.8648
107.197 26.5 34.7214
107.5 26.5 34.457
97.5 26.1974 44.7739
97.803 26.1974 46.2103
98.1061 26.1974 46.7963
98.4091 26.1974 47.2902
98.7121 26.1974 46.4066
99.0152 26.1974 44.0475
99.3182 26.1974 46.1904
99.6212 26.1974 44.345
99.9242 26.1974 45.3378
100.227 26.1974 45.7005
100.53 26.1974 46.4935
100.833 26.1974 48.5916
101.136 26.1974 50.3754
101.439 26.1974 50.5427
101.742 26.1974 48.461
102.045 26.1974 46.028
102.348 26.1974 45.5552
102.652 26.1974 46.1173
102.955 26.1974 43.2996
103.258 26.1974 41.5381
103.561 26.1974 42.7867
103.864 26.1974 43.0812
104.167 26.1974 41.2101
104.47 26.1974 39.3881
104.773 26.1974 39.2725
105.076 26.1974 38.9447
105.379 26.1974 36.8776
105.682 26.1974 37.0705
105.985 26.1974 32.5949
106.288 26.1974 32.415
106.591 26.1974 33.9439
106.894 26.1974 33.5042
107.197 26.1974 33.2833
107.5 26.1974 32.9201
97.5 25.8947 42.0197
97.803 25.8947 42.9425
98.1061 25.8947 44.0843
98.4091 25.8947 44.488
98.7121 25.8947 44.1862
99.0152 25.8947 41.9636
99.3182 25.8947 42.9232
99.6212 25.8947 41.3724
99.9242 25.8947 42.8049
100.227 25.8947 43.8677
100.53 25.8947 44.931
100.833 25.8947 44.1149
101.136 25.8947 49.2123
101.439 25.8947 48.6561
101.742 25.8947 46.5666
102.045 25.8947 44.0524
102.348 25.8947 43.0669
102.652 25.8947 42.8596
102.955 25.8947 41.9366
103.258 25.8947 40.9908
103.561 25.8947 42.0927
103.864 25.8947 41.9216
104.167 25.8947 41.0915
104.47 25.8947 38.3454
104.773 25.8947 38.4917
105.076 25.8947 38.9818
105.379 25.8947 37.4235
105.682 25.8947 37.4758
105.985 25.8947 31.9681
106.288 25.8947 32.2838
106.591 25.8947 33.0912
106.894 25.8947 32.1372
107.197 25.8947 31.6413
107.5 25.8947 31.1552
97.5 25.5921 39.311
97.803 25.5921 40.2371
98.1061 25.5921 39.7112
98.4091 25.5921 40.295
98.7121 25.5921 42.9989
99.0152 25.5921 39.8747
99.3182 25.5921 41.193
99.6212 25.5921 39.942
99.9242 25.5921 41.1788
100.227 25.5921 42.5099
100.53 25.5921 42.1294
100.833 25.5921 43.0886
101.136 25.5921 47.1684
101.439 25.5921 46.5118
101.742 25.5921 44.7778
102.045 25.5921 41.9828
102.348 25.5921 42.2103
102.652 25.5921 42.5149
102.955 25.5921 40.5107
103.258 25.5921 39.0128
103.561 25.5921 39.6038
103.864 25.5921 40.7453
104.167 25.5921 38.7032
104.47 25.5921 36.8446
104.773 25.5921 36.6765
105.076 25.5921 36.9386
105.379 25.5921 34.379
105.682 25.5921 36.0602
105.985 25.5921 33.0855
106.288 25.5921 32.5116
106.591 25.5921 33.6212
106.894 25.5921 31.7987
107.197 25.5921 30.9679
107.5 25.5921 29.7366
97.5 25.2895 37.0395
97.803 25.2895 36.393
98.1061 25.2895 36.7688
98.4091 25.2895 38.7907
98.7121 25.2895 40.7279
99.0152 25.2895 38.1851
99.3182 25.2895 39.2854
99.6212 25.2895 37.6564
99.9242 25.2895 39.3704
100.227 25.2895 40.6625
100.53 25.2895 41.7092
100.833 25.2895 42.6054
101.136 25.2895 46.6684
101.439 25.2895 46.0535
101.742 25.2895 43.659
102.045 25.2895 41.7029
102.348 25.2895 39.9418
102.652 25.2895 41.9018
102.955 25.2895 42.219
103.258 25.2895 38.7763
103.561 25.2895 38.813
103.864 25.2895 39.2129
104.167 25.2895 36.7046
104.47 25.2895 35.5569
104.773 25.2895 34.7803
105.076 25.2895 35.0647
105.379 25.2895 33.1596
105.682 25.2895 33.1269
105.985 25.2895 32.5331
106.288 25.2895 32.7035
106.591 25.2895 32.7143
106.894 25.2895 31.3899
107.197 25.2895 30.0198
107.5 25.2895 28.8888
97.5 24.9868 35.7749
97.803 24.9868 35.5271
98.1061 24.9868 36.5841
98.4091 24.9868 37.4346
98.7121 24.9868 39.3566
99.0152 24.9868 38.0975
99.3182 24.9868 37.6494
99.6212 24.9868 34.8552
99.9242 24.9868 35.8584
100.227 24.9868 38.0579
100.53 24.9868 40.1403
100.833 24.9868 42.2513
101.136 24.9868 45.6828
101.439 24.9868 44.5882
101.742 24.9868 43.3136
102.045 24.9868 41.6805
102.348 24.9868 38.6155
102.652 24.9868 40.4087
102.955 24.9868 42.0493
103.258 24.9868 39.8386
103.561 24.9868 37.768
103.864 24.9868 37.5911
104.167 24.9868 35.8732
104.47 24.9868 34.7196
104.773 24.9868 32.9562
105.076 24.9868 33.5425
105.379 24.9868 32.813
105.682 24.9868 32.0034
105.985 24.9868 32.5506
106.288 24.9868 32.5541
106.591 24.9868 31.88
106.894 24.9868 30.596
107.197 24.9868 29.9199
107.5 24.9868 28.4319
97.5 24.6842 34.6377
97.803 24.6842 34.4393
98.1061 24.6842 34.3996
98.4091 24.6842 35.7364
98.7121 24.6842 37.6552
99.0152 24.6842 37.0678
99.3182 24.6842 36.3781
99.6212 24.6842 33.2419
99.9242 24.6842 34.0901
100.227 24.6842 35.7917
100.53 24.6842 38.2587
100.833 24.6842 39.5112
101.136 24.6842 42.9094
101.439 24.6842 43.0727
101.742 24.6842 42.2045
102.045 24.6842 40.2125
102.348 24.6842 36.4954
102.652 24.6842 38.0612
102.955 24.6842 41.0205
103.258 24.6842 40.1092
103.561 24.6842 37.412
103.864 24.6842 36.686
104.167 24.6842 33.8111
104.47 24.6842 33.491
104.773 24.6842 32.2947
105.076 24.6842 32.4152
105.379 24.6842 32.2984
105.682 24.6842 32.2776
105.985 24.6842 31.5374
106.288 24.6842 30.8827
106.591 24.6842 30.8364
106.894 24.6842 30.1801
107.197 24.6842 29.7636
107.5 24.6842 28.4592
97.5 24.3816 34.1518
97.803 24.3816 32.762
98.1061 24.3816 33.7117
98.4091 24.3816 35.1235
98.7121 24.3816 35.3556
99.0152 24.3816 35.6661
99.3182 24.3816 36.6972
99.6212 24.3816 33.8757
99.9242 24.3816 33.4493
100.227 24.3816 34.7229
100.53 24.3816 37.3496
100.833 24.3816 37.9788
101.136 24.3816 39.3921
101.439 24.3816 41.7307
101.742 24.3816 41.7026
102.045 24.3816 39.6118
102.348 24.3816 35.5681
102.652 24.3816 35.7212
102.955 24.3816 38.5244
103.258 24.3816 39.5212
103.561 24.3816 37.8273
103.864 24.3816 36.219
104.167 24.3816 33.597
104.47 24.3816 32.3923
104.773 24.3816 32.222
105.076 24.3816 32.1695
105.379 24.3816 32.6442
105.682 24.3816 31.8297
105.985 24.3816 31.7934
106.288 24.3816 30.8246
106.591 24.3816 30.602
106.894 24.3816 29.311
107.197 24.3816 28.6356
107.5 24.3816 27.8729
97.5 24.0789 34.3788
97.803 24.0789 33.2912
98.1061 24.0789 33.3475
98.4091 24.0789 34.1793
98.7121 24.0789 35.238
99.0152 24.0789 35.379
99.3182 24.0789 36.5601
99.6212 24.0789 31.8498
99.9242 24.0789 32.9718
100.227 24.0789 32.8884
100.53 24.0789 34.9346
100.833 24.0789 36.1841
101.136 24.0789 37.243
101.439 24.0789 37.8712
101.742 24.0789 38.3083
102.045 24.0789 38.5215
102.348 24.0789 37.1304
102.652 24.0789 34.9983
102.955 24.0789 37.055
103.258 24.0789 39.07
103.561 24.0789 38.7885
103.864 24.0789 36.3258
104.167 24.0789 33.7198
104.47 24.0789 32.1594
104.773 24.0789 31.6448
105.076 24.0789 32.2221
105.379 24.0789 32.327
105.682 24.0789 32.2222
105.985 24.0789 32.2264
106.288 24.0789 31.2686
106.591 24.0789 29.7105
106.894 24.0789 28.7466
107.197 24.0789 28.1411
107.5 24.0789 27.5318
97.5 23.7763 36.0202
97.803 23.7763 34.3252
98.1061 23.7763 33.2908
98.4091 23.7763 33.3447
98.7121 23.7763 34.6067
99.0152 23.7763 34.9866
99.3182 23.7763 35.8585
99.6212 23.7763 32.8804
99.9242 23.7763 31.525
100.227 23.7763 32.0505
100.53 23.7763 33.9716
100.833 23.7763 34.2579
101.136 23.7763 36.1826
101.439 23.7763 37.9951
101.742 23.7763 36.2411
102.045 23.7763 36.0292
102.348 23.7763 36.7347
102.652 23.7763 35.1982
102.955 23.7763 36.2519
103.258 23.7763 37.6343
103.561 23.7763 37.4551
103.864 23.7763 36.8257
104.167 23.7763 34.5224
104.47 23.7763 32.4183
104.773 23.7763 32.0552
105.076 23.7763 32.4766
105.379 23.7763 32.5582
105.682 23.7763 31.9627
105.985 23.7763 32.0927
106.288 23.7763 30.1473
106.591 23.7763 29.7081
106.894 23.7763 28.7581
107.197 23.7763 27.5431
107.5 23.7763 26.722
97.5 23.4737 38.8642
97.803 23.4737 36.4991
98.1061 23.4737 33.9138
98.4091 23.4737 32.9646
98.7121 23.4737 32.9473
99.0152 23.4737 33.2791
99.3182 23.4737 34.9499
99.6212 23.4737 32.4586
99.9242 23.4737 31.6317
100.227 23.4737 30.6068
100.53 23.4737 32.3241
100.833 23.4737 31.9711
101.136 23.4737 33.8045
101.439 23.4737 36.2587
101.742 23.4737 32.8216
102.045 23.4737 32.8497
102.348 23.4737 34.9847
102.652 23.4737 34.2558
102.955 23.4737 34.8222
103.258 23.4737 35.5051
103.561 23.4737 35.4116
103.864 23.4737 35.4132
104.167 23.4737 34.1976
104.47 23.4737 32.5236
104.773 23.4737 32.1451
105.076 23.4737 32.7886
105.379 23.4737 32.6821
105.682 23.4737 32.1061
105.985 23.4737 31.5782
106.288 23.4737 29.4871
106.591 23.4737 28.9476
106.894 23.4737 28.6092
107.197 23.4737 27.3816
107.5 23.4737 26.358
97.5 23.1711 42.1995
97.803 23.1711 38.8033
98.1061 23.1711 35.1662
98.4091 23.1711 33.8037
98.7121 23.1711 31.9267
99.0152 23.1711 31.3923
99.3182 23.1711 32.8724
99.6212 23.1711 31.2523
99.9242 23.1711 31.5672
100.227 23.1711 30.7955
100.53 23.1711 30.9266
100.833 23.1711 32.7479
101.136 23.1711 34.1374
101.439 23.1711 34.2189
101.742 23.1711 32.4607
102.045 23.1711 30.4904
102.348 23.1711 30.9999
102.652 23.1711 32.5049
102.955 23.1711 35.3991
103.258 23.1711 34.6067
103.561 23.1711 35.0071
103.864 23.1711 34.0812
104.167 23.1711 33.794
104.47 23.1711 31.9338
104.773 23.1711 31.01
105.076 23.1711 33.0276
105.379 23.1711 32.5342
105.682 23.1711 32.5791
105.985 23.1711 30.4224
106.288 23.1711 28.8651
106.591 23.1711 28.5835
106.894 23.1711 28.1293
107.197 23.1711 26.8242
107.5 23.1711 25.9649
97.5 22.8684 44.2814
97.803 22.8684 40.1471
98.1061 22.8684 36.8432
98.4091 22.8684 33.1901
98.7121 22.8684 31.6373
99.0152 22.8684 30.397
99.3182 22.8684 32.156
99.6212 22.8684 31.0791
99.9242 22.8684 31.013
100.227 22.8684 30.4685
100.53 22.8684 30.3116
100.833 22.8684 32.2066
101.136 22.8684 33.4378
101.439 22.8684 33.2516
101.742 22.8684 31.0434
102.045 22.8684 31.0922
102.348 22.8684 31.0357
102.652 22.8684 31.656
102.955 22.8684 33.8615
103.258 22.8684 33.4094
103.561 22.8684 35.7684
103.864 22.8684 35.3718
104.167 22.8684 34.6293
104.47 22.8684 30.9637
104.773 22.8684 29.8966
105.076 22.8684 31.8478
105.379 22.8684 31.9831
105.682 22.8684 31.2187
105.985 22.8684 29.2229
106.288 22.8684 28.1418
106.591 22.8684 28.6096
106.894 22.8684 28.211
107.197 22.8684 27.2002
107.5 22.8684 25.99
97.5 22.5658 45.2823
97.803 22.5658 41.2536
98.1061 22.5658 37.0314
98.4091 22.5658 33.7814
98.7121 22.5658 31.2302
99.0152 22.5658 29.9385
99.3182 22.5658 30.5852
99.6212 22.5658 29.4666
99.9242 22.5658 30.9919
100.227 22.5658 30.0566
100.53 22.5658 30.4593
100.833 22.5658 31.1906
101.136 22.5658 33.0847
101.439 22.5658 31.3793
101.742 22.5658 30.9201
102.045 22.5658 31.4382
102.348 22.5658 32.2332
102.652 22.5658 33.4383
102.955 22.5658 34.3479
103.258 22.5658 35.4332
103.561 22.5658 34.5436
103.864 22.5658 35.9588
104.167 22.5658 35.6051
104.47 22.5658 31.9408
104.773 22.5658 30.8874
105.076 22.5658 30.8027
105.379 22.5658 30.3557
105.682 22.5658 29.5097
105.985 22.5658 28.8319
106.288 22.5658 27.9332
106.591 22.5658 28.1568
106.894 22.5658 27.8245
107.197 22.5658 27.1661
107.5 22.5658 26.4563
97.5 22.2632 44.9757
97.803 22.2632 41.2613
98.1061 22.2632 37.5246
98.4091 22.2632 34.0681
98.7121 22.2632 31.3414
99.0152 22.2632 29.7461
99.3182 22.2632 29.4558
99.6212 22.2632 29.144
99.9242 22.2632 30.1299
100.227 22.2632 29.3598
100.53 22.2632 29.3621
100.833 22.2632 30.0598
101.136 22.2632 32.2856
101.439 22.2632 30.7839
101.742 22.2632 29.5501
102.045 22.2632 31.879
102.348 22.2632 32.1456
102.652 22.2632 33.2258
102.955 22.2632 34.0034
103.258 22.2632 34.1477
103.561 22.2632 34.6917
103.864 22.2632 33.8047
104.167 22.2632 35.9194
104.47 22.2632 33.3779
104.773 22.2632 31.2972
105.076 22.2632 30.0007
105.379 22.2632 29.1456
105.682 22.2632 27.7741
105.985 22.2632 27.4288
106.288 22.2632 27.2893
106.591 22.2632 27.4823
106.894 22.2632 27.521
107.197 22.2632 27.0455
107.5 22.2632 26.3178
97.5 21.9605 44.1477
97.803 21.9605 40.618
98.1061 21.9605 37.6604
98.4091 21.9605 34.587
98.7121 21.9605 32.1693
99.0152 21.9605 29.935
99.3182 21.9605 29.6129
99.6212 21.9605 28.1113
99.9242 21.9605 29.6301
100.227 21.9605 29.1447
100.53 21.9605 29.1021
100.833 21.9605 29.8151
101.136 21.9605 31.6948
101.439 21.9605 31.5123
101.742 21.9605 30.2003
102.045 21.9605 30.9332
102.348 21.9605 31.5942
102.652 21.9605 32.1343
102.955 21.9605 32.8393
103.258 21.9605 33.7208
103.561 21.9605 33.8211
103.864 21.9605 33.7319
104.167 21.9605 32.4412
104.47 21.9605 31.855
104.773 21.9605 30.2038
105.076 21.9605 28.8177
105.379 21.9605 27.445
105.682 21.9605 27.0756
105.985 21.9605 26.3192
106.288 21.9605 26.0037
106.591 21.9605 26.0986
106.894 21.9605 26.2296
107.197 21.9605 25.8258
107.5 21.9605 25.0722
97.5 21.6579 42.1387
97.803 21.6579 39.7079
98.1061 21.6579 37.3471
98.4091 21.6579 35.1036
98.7121 21.6579 32.6877
99.0152 21.6579 31.3422
99.3182 21.6579 29.9435
99.6212 21.6579 29.05
99.9242 21.6579 29.2077
100.227 21.6579 28.4095
100.53 21.6579 28.6776
100.833 21.6579 29.0138
101.136 21.6579 31.4233
101.439 21.6579 30.71
101.742 21.6579 29.7521
102.045 21.6579 30.2855
102.348 21.6579 30.5106
102.652 21.6579 30.7126
102.955 21.6579 31.2532
103.258 21.6579 30.7791
103.561 21.6579 31.2684
103.864 21.6579 31.5079
104.167 21.6579 29.8304
104.47 21.6579 29.4463
104.773 21.6579 28.3298
105.076 21.6579 27.1427
105.379 21.6579 26.134
105.682 21.6579 25.4488
105.985 21.6579 24.8807
106.288 21.6579 24.5625
106.591 21.6579 24.7163
106.894 21.6579 24.4072
107.197 21.6579 24.0384
107.5 21.6579 23.4036
97.5 21.3553 39.9195
97.803 21.3553 38.7121
98.1061 21.3553 37.117
98.4091 21.3553 35.8428
98.7121 21.3553 33.254
99.0152 21.3553 33.0208
99.3182 21.3553 31.5746
99.6212 21.3553 30.6507
99.9242 21.3553 29.7112
100.227 21.3553 29.4688
100.53 21.3553 29.9941
100.833 21.3553 28.9888
101.136 21.3553 30.2519
101.439 21.3553 29.6507
101.742 21.3553 29.2043
102.045 21.3553 29.1762
102.348 21.3553 29.5697
102.652 21.3553 29.1258
102.955 21.3553 29.2167
103.258 21.3553 28.5455
103.561 21.3553 28.124
103.864 21.3553 28.4606
104.167 21.3553 28.2377
104.47 21.3553 25.2462
104.773 21.3553 26.0268
105.076 21.3553 25.1513
105.379 21.3553 24.3979
105.682 21.3553 23.7251
105.985 21.3553 23.3163
106.288 21.3553 23.0096
106.591 21.3553 22.826
106.894 21.3553 22.6536
107.197 21.3553 22.1743
107.5 21.3553 22.0757
97.5 21.0526 37.8322
97.803 21.0526 37.6479
98.1061 21.0526 37.0443
98.4091 21.0526 36.411
98.7121 21.0526 35.3258
99.0152 21.0526 33.7338
99.3182 21.0526 32.4728
99.6212 21.0526 30.9919
99.9242 21.0526 30.3855
100.227 21.0526 30.2853
100.53 21.0526 29.6757
100.833 21.0526 29.0118
101.136 21.0526 28.9787
101.439 21.0526 29.0994
101.742 21.0526 28.2592
102.045 21.0526 28.0666
102.348 21.0526 27.6749
102.652 21.0526 27.597
102.955 21.0526 26.759
103.258 21.0526 26.5526
103.561 21.0526 25.3762
103.864 21.0526 25.1195
104.167 21.0526 24.9594
104.47 21.0526 24.2614
104.773 21.0526 23.869
105.076 21.0526 22.8523
105.379 21.0526 22.2197
105.682 21.0526 22.0829
105.985 21.0526 21.6539
106.288 21.0526 21.2423
106.591 21.0526 21.0177
106.894 21.0526 20.6245
107.197 21.0526 20.247
107.5 21.0526 19.9108
97.5 20.75 35.4028
97.803 20.75 36.5265
98.1061 20.75 37.0569
98.4091 20.75 36.8846
98.7121 20.75 36.6594
99.0152 20.75 35.3783
99.3182 20.75 33.5496
99.6212 20.75 32.6235
99.9242 20.75 31.4735
100.227 20.75 31.056
100.53 20.75 29.9158
100.833 20.75 29.069
101.136 20.75 28.6175
101.439 20.75 28.3617
101.742 20.75 27.7333
102.045 20.75 27.1457
102.348 20.75 26.4431
102.652 20.75 25.6371
102.955 20.75 24.374
103.258 20.75 23.8526
103.561 20.75 22.7446
103.864 20.75 22.6906
104.167 20.75 22.6047
104.47 20.75 21.5393
104.773 20.75 21.2791
105.076 20.75 21.379
105.379 20.75 20.5594
105.682 20.75 20.519
105.985 20.75 20.0666
106.288 20.75 19.6467
106.591 20.75 19.2047
106.894 20.75 18.824
107.197 20.75 18.2005
107.5 20.75 17.6586
